60.0000 176.2333 1 80.0000 0.0000 2 0.1651 3.2227 2.0178 0.1647 0.1668 0.0752
60.0000 176.2333 1 80.0000 0.0000 2 0.1604 3.2570 2.0108 0.1800 0.1748 0.0747
60.0000 176.2333 1 80.0000 0.0000 2 0.1568 3.3679 2.0375 0.1833 0.1689 0.0769
60.0000 176.2333 1 80.0000 0.0000 2 0.1546 3.3823 2.0271 0.1749 0.1759 0.0763
60.0000 176.2333 1 80.0000 0.0000 2 0.1517 3.3359 2.0353 0.1661 0.1664 0.0773
60.0000 176.2333 1 80.0000 0.0000 2 0.1599 3.3891 2.0317 0.1714 0.1681 0.0800
60.0000 176.2333 1 80.0000 0.0000 2 0.1645 3.3448 2.0120 0.1618 0.1864 0.0865
60.0000 176.2333 1 80.0000 0.0000 2 0.1555 3.2752 2.0244 0.1572 0.1842 0.0853
60.0000 176.2333 1 80.0000 0.0000 2 0.1581 3.4798 2.0214 0.1769 0.1731 0.0794
60.0000 176.2333 1 80.0000 0.0000 2 0.1644 3.4623 2.0252 0.1537 0.1715 0.0786
60.0000 176.2333 1 80.0000 0.0000 2 0.1560 3.4036 2.0224 0.1879 0.1833 0.0797
60.0000 176.2333 1 80.0000 0.0000 2 0.1538 3.3404 2.0302 0.1816 0.1639 0.0814
60.0000 176.2333 1 80.0000 0.0000 2 0.1655 3.1562 2.0358 0.1666 0.1788 0.0904
60.0000 176.2333 1 80.0000 0.0000 2 0.1572 3.2947 2.0208 0.1709 0.1676 0.0955
60.0000 176.2333 1 80.0000 0.0000 2 0.1614 3.4569 2.0168 0.1699 0.1545 0.0838
60.0000 176.2333 1 80.0000 0.0000 2 0.1588 3.3229 2.0276 0.1721 0.1578 0.0837
60.0000 176.2333 1 80.0000 0.0000 2 0.1639 3.2874 2.0325 0.1922 0.1703 0.0779
60.0000 176.2333 1 80.0000 0.0000 2 0.1593 3.2411 2.0283 0.1660 0.1725 0.0886
60.0000 176.2333 1 80.0000 0.0000 2 0.1596 3.3508 2.0319 0.1640 0.1652 0.0806
60.0000 176.2333 1 80.0000 0.0000 2 0.1621 3.3021 2.0393 0.1710 0.1655 0.0830
60.0000 176.2333 1 80.0000 0.0000 2 0.1584 3.3544 2.0310 0.1841 0.1784 0.0874
60.0000 176.2333 1 80.0000 0.0000 2 0.1672 3.4378 2.0236 0.1629 0.1725 0.0810
60.0000 176.2333 1 80.0000 0.0000 2 0.1585 3.3115 2.0369 0.1622 0.1873 0.0927
60.0000 176.2333 1 80.0000 0.0000 2 0.1668 3.3850 2.0149 0.1780 0.1610 0.0821
60.0000 176.2333 1 80.0000 0.0000 2 0.1575 3.4151 2.0335 0.1688 0.1606 0.0843
60.0000 176.2333 1 80.0000 0.0000 2 0.1636 3.3739 2.0157 0.1671 0.1804 0.0692
60.0000 176.2333 1 80.0000 0.0000 2 0.1627 3.2958 2.0198 0.1738 0.1775 0.0881
60.0000 176.2333 1 80.0000 0.0000 2 0.1616 3.2818 2.0295 0.1763 0.1811 0.0861
60.0000 176.2333 1 80.0000 0.0000 2 0.1659 3.3942 2.0174 0.1635 0.1751 0.0896
60.0000 176.2333 1 80.0000 0.0000 2 0.1554 3.2194 2.0422 0.1686 0.1799 0.0891
60.0000 176.2333 1 80.0000 0.0000 2 0.1564 3.2736 2.0340 0.1728 0.1623 0.0742
60.0000 176.2333 1 80.0000 0.0000 2 0.1601 3.2555 2.0142 0.1607 0.1646 0.0791
60.0000 176.2333 1 80.0000 0.0000 2 0.1611 3.3650 2.0522 0.1693 0.1855 0.0723
60.0000 176.2333 1 80.0000 0.0000 2 0.1679 3.2318 2.0249 0.1596 0.1692 0.0832
60.0000 176.2333 1 80.0000 0.0000 2 0.1579 3.2688 2.0086 0.1733 0.1682 0.0709
60.0000 176.2333 1 80.0000 0.0000 2 0.1491 3.3764 2.0241 0.1759 0.1705 0.0915
60.0000 176.2333 1 80.0000 0.0000 2 0.1607 3.3605 2.0137 0.1676 0.1742 0.0785
60.0000 176.2333 1 80.0000 0.0000 2 0.1520 3.4458 2.0028 0.1548 0.1774 0.0943
60.0000 176.2333 1 80.0000 0.0000 2 0.1629 3.4178 2.0263 0.1454 0.1767 0.0807
60.0000 176.2333 1 80.0000 0.0000 2 0.1526 3.4290 2.0191 0.1605 0.1794 0.0848
60.0000 176.2333 1 80.0000 0.0000 2 0.1508 3.3355 2.0420 0.1787 0.1903 0.0827
60.0000 176.2333 1 80.0000 0.0000 2 0.1550 3.3589 2.0188 0.1651 0.1631 0.0823
60.0000 176.2333 1 80.0000 0.0000 2 0.1592 3.2006 2.0106 0.1682 0.1719 0.0855
60.0000 176.2333 1 80.0000 0.0000 2 0.1568 3.3062 2.0230 0.1806 0.1696 0.0775
60.0000 176.2333 1 80.0000 0.0000 2 0.1622 3.3131 2.0260 0.1754 0.1592 0.0845
60.0000 176.2333 1 80.0000 0.0000 2 0.1534 3.5101 2.0280 0.1744 0.1712 0.0729
60.0000 176.2333 1 80.0000 0.0000 2 0.1610 3.3176 2.0217 0.1726 0.1745 0.0757
60.0000 176.2333 1 80.0000 0.0000 2 0.1737 3.3264 2.0067 0.1588 0.1821 0.0818
60.0000 176.2333 1 80.0000 0.0000 2 0.1688 3.4089 2.0290 0.1788 0.1761 0.0865
60.0000 176.2333 1 80.0000 0.0000 2 0.1632 3.3304 2.0203 0.1702 0.1736 0.0874
