60.0000 176.6479 1 80.0000 0.0000 2 0.1611 3.9398 0.3135 0.1476 0.0532 0.0280
60.0000 176.6479 1 80.0000 0.0000 2 0.1235 3.9564 0.3340 0.1631 0.0498 0.0195
60.0000 176.6479 1 80.0000 0.0000 2 0.1755 4.0278 0.3114 0.1594 0.0439 0.0138
60.0000 176.6479 1 80.0000 0.0000 2 0.1448 4.1398 0.3358 0.1339 0.0649 0.0176
60.0000 176.6479 1 80.0000 0.0000 2 0.1057 4.1674 0.3394 0.1415 0.0687 0.0379
60.0000 176.6479 1 80.0000 0.0000 2 0.1096 4.0215 0.3252 0.0730 0.0654 0.0272
60.0000 176.6479 1 80.0000 0.0000 2 0.1038 4.0941 0.3325 0.1867 0.0374 0.0089
60.0000 176.6479 1 80.0000 0.0000 2 0.1322 4.1932 0.3345 0.1404 0.0619 0.0357
60.0000 176.6479 1 80.0000 0.0000 2 0.1364 4.0801 0.3296 0.1099 0.0586 0.0303
60.0000 176.6479 1 80.0000 0.0000 2 0.1025 3.8764 0.3189 0.1135 0.0595 0.0284
60.0000 176.6479 1 80.0000 0.0000 2 0.1261 3.9288 0.2944 0.0957 0.0666 0.0320
60.0000 176.6479 1 80.0000 0.0000 2 0.1296 3.9705 0.3147 0.1057 0.0468 0.0189
60.0000 176.6479 1 80.0000 0.0000 2 0.0965 4.0515 0.3470 0.1896 0.0610 0.0244
60.0000 176.6479 1 80.0000 0.0000 2 0.1409 4.0221 0.3246 0.1727 0.0557 0.0405
60.0000 176.6479 1 80.0000 0.0000 2 0.1576 4.0893 0.3186 0.1702 0.0515 0.0232
60.0000 176.6479 1 80.0000 0.0000 2 0.1481 4.0774 0.3428 0.1008 0.0685 0.0210
60.0000 176.6479 1 80.0000 0.0000 2 0.1174 4.2167 0.3317 0.1293 0.0458 0.0423
60.0000 176.6479 1 80.0000 0.0000 2 0.1273 4.1846 0.3269 0.1538 0.0600 0.0227
60.0000 176.6479 1 80.0000 0.0000 2 0.1206 4.1266 0.3089 0.0799 0.0401 0.0170
60.0000 176.6479 1 80.0000 0.0000 2 0.1070 4.0588 0.3237 0.1932 0.0537 0.0340
60.0000 176.6479 1 80.0000 0.0000 2 0.1351 3.9914 0.3167 0.1688 0.0519 0.0349
60.0000 176.6479 1 80.0000 0.0000 2 0.1657 4.3151 0.3067 0.2488 0.0627 0.0248
60.0000 176.6479 1 80.0000 0.0000 2 0.1388 4.1632 0.3123 0.1950 0.0580 0.0322
60.0000 176.6479 1 80.0000 0.0000 2 0.1373 4.0140 0.3214 0.1515 0.0506 0.0270
60.0000 176.6479 1 80.0000 0.0000 2 0.1218 4.2201 0.3047 0.1576 0.0524 0.0163
60.0000 176.6479 1 80.0000 0.0000 2 0.0981 4.1766 0.3211 0.2045 0.0642 0.0178
60.0000 176.6479 1 80.0000 0.0000 2 0.1186 4.1022 0.2992 0.0960 0.0604 0.0446
60.0000 176.6479 1 80.0000 0.0000 2 0.1243 4.0684 0.3172 0.2146 0.0566 0.0263
60.0000 176.6479 1 80.0000 0.0000 2 0.0925 4.0346 0.3511 0.2251 0.0583 0.0289
60.0000 176.6479 1 80.0000 0.0000 2 0.1510 4.0879 0.3157 0.2165 0.0612 0.0256
60.0000 176.6479 1 80.0000 0.0000 2 0.1500 4.2455 0.3059 0.1385 0.0727 0.0050
60.0000 176.6479 1 80.0000 0.0000 2 0.1168 4.0641 0.2899 0.2089 0.0481 0.0296
60.0000 176.6479 1 80.0000 0.0000 2 0.1126 4.1566 0.3291 0.2663 0.0641 0.0367
60.0000 176.6479 1 80.0000 0.0000 2 0.1543 4.1458 0.3034 0.1278 0.0491 0.0151
60.0000 176.6479 1 80.0000 0.0000 2 0.1281 4.0737 0.3227 0.1217 0.0551 0.0131
60.0000 176.6479 1 80.0000 0.0000 2 0.1140 3.9997 0.3082 0.1814 0.0701 0.0301
60.0000 176.6479 1 80.0000 0.0000 2 0.1147 4.1216 0.3109 0.2312 0.0722 0.0330
60.0000 176.6479 1 80.0000 0.0000 2 0.1196 4.1049 0.2982 0.1986 0.0450 0.0203
60.0000 176.6479 1 80.0000 0.0000 2 0.1450 4.2019 0.3377 0.1508 0.0621 0.0200
60.0000 176.6479 1 80.0000 0.0000 2 0.1308 4.1503 0.3022 0.1609 0.0704 0.0104
60.0000 176.6479 1 80.0000 0.0000 2 0.1309 3.9011 0.3222 0.1846 0.0570 0.0471
60.0000 176.6479 1 80.0000 0.0000 2 0.0998 4.1318 0.3154 0.1450 0.0551 0.0115
60.0000 176.6479 1 80.0000 0.0000 2 0.1112 4.0457 0.3415 0.0536 0.0745 0.0222
60.0000 176.6479 1 80.0000 0.0000 2 0.0558 4.0422 0.3197 0.1800 0.0673 0.0312
60.0000 176.6479 1 80.0000 0.0000 2 0.1337 4.1123 0.3261 0.1669 0.0542 0.0215
60.0000 176.6479 1 80.0000 0.0000 2 0.1416 3.9780 0.3537 0.0871 0.0632 0.0392
60.0000 176.6479 1 80.0000 0.0000 2 0.1077 4.2740 0.3103 0.1315 0.0847 0.0252
60.0000 176.6479 1 80.0000 0.0000 2 0.0886 4.0035 0.3279 0.1230 0.0662 0.0043
60.0000 176.6479 1 80.0000 0.0000 2 0.0794 4.1150 0.2844 0.1761 0.0572 0.0341
60.0000 176.6479 1 80.0000 0.0000 2 0.0876 3.9804 0.3308 0.1180 0.0767 0.0240
