60.0000 163.1108 1 80.0000 0.0000 2 0.1353 0.8131 0.8786 0.1716 0.0397 0.0177
60.0000 163.1108 1 80.0000 0.0000 2 0.1417 0.7573 0.8954 0.1438 0.0402 0.0151
60.0000 163.1108 1 80.0000 0.0000 2 0.1332 0.6577 0.8990 0.1472 0.0387 0.0206
60.0000 163.1108 1 80.0000 0.0000 2 0.1559 0.7588 0.9140 0.1165 0.0384 0.0184
60.0000 163.1108 1 80.0000 0.0000 2 0.1634 0.8855 0.8889 0.1525 0.0377 0.0146
60.0000 163.1108 1 80.0000 0.0000 2 0.1285 0.8275 0.8911 0.1487 0.0372 0.0250
60.0000 163.1108 1 80.0000 0.0000 2 0.1399 0.8428 0.9057 0.1796 0.0371 0.0214
60.0000 163.1108 1 80.0000 0.0000 2 0.1494 0.7447 0.9019 0.1507 0.0355 0.0246
60.0000 163.1108 1 80.0000 0.0000 2 0.1516 0.9647 0.8942 0.1378 0.0380 0.0233
60.0000 163.1108 1 80.0000 0.0000 2 0.1482 0.8200 0.8930 0.1494 0.0395 0.0066
60.0000 163.1108 1 80.0000 0.0000 2 0.1548 0.8023 0.8840 0.1369 0.0389 0.0310
60.0000 163.1108 1 80.0000 0.0000 2 0.1379 0.7763 0.9171 0.1132 0.0376 0.0226
60.0000 163.1108 1 80.0000 0.0000 2 0.1458 0.7803 0.8966 0.1284 0.0382 0.0283
60.0000 163.1108 1 80.0000 0.0000 2 0.1480 0.7851 0.9078 0.1474 0.0406 0.0208
60.0000 163.1108 1 80.0000 0.0000 2 0.1363 0.8925 0.8795 0.1597 0.0384 0.0201
60.0000 163.1108 1 80.0000 0.0000 2 0.1596 0.7080 0.8878 0.1306 0.0391 0.0260
60.0000 163.1108 1 80.0000 0.0000 2 0.1420 0.8814 0.8713 0.1448 0.0381 0.0188
60.0000 163.1108 1 80.0000 0.0000 2 0.1406 0.7946 0.9009 0.1357 0.0410 0.0205
60.0000 163.1108 1 80.0000 0.0000 2 0.1393 0.7729 0.9129 0.1713 0.0393 0.0201
60.0000 163.1108 1 80.0000 0.0000 2 0.1440 0.8357 0.8973 0.1613 0.0388 0.0161
60.0000 163.1108 1 80.0000 0.0000 2 0.1358 0.7098 0.9028 0.1430 0.0383 0.0165
60.0000 163.1108 1 80.0000 0.0000 2 0.1339 0.8524 0.8859 0.1552 0.0398 0.0228
60.0000 163.1108 1 80.0000 0.0000 2 0.1510 0.8738 0.8815 0.1745 0.0379 0.0168
60.0000 163.1108 1 80.0000 0.0000 2 0.1529 0.8069 0.8961 0.1659 0.0399 0.0137
60.0000 163.1108 1 80.0000 0.0000 2 0.1295 0.7823 0.9047 0.1318 0.0367 0.0119
60.0000 163.1108 1 80.0000 0.0000 2 0.1383 0.7884 0.8945 0.1347 0.0399 0.0145
60.0000 163.1108 1 80.0000 0.0000 2 0.1461 0.8473 0.9038 0.1766 0.0378 0.0232
60.0000 163.1108 1 80.0000 0.0000 2 0.1315 0.9148 0.8907 0.1543 0.0387 0.0210
60.0000 163.1108 1 80.0000 0.0000 2 0.1449 0.8323 0.8998 0.1401 0.0387 0.0251
60.0000 163.1108 1 80.0000 0.0000 2 0.1466 0.7973 0.8630 0.1387 0.0408 0.0265
60.0000 163.1108 1 80.0000 0.0000 2 0.1226 0.8400 0.8852 0.1649 0.0416 0.0259
60.0000 163.1108 1 80.0000 0.0000 2 0.1323 0.6898 0.9231 0.1327 0.0392 0.0187
60.0000 163.1108 1 80.0000 0.0000 2 0.1612 0.7319 0.8921 0.1861 0.0397 0.0194
60.0000 163.1108 1 80.0000 0.0000 2 0.1438 0.6808 0.8983 0.1628 0.0383 0.0216
60.0000 163.1108 1 80.0000 0.0000 2 0.1454 0.7196 0.8902 0.1267 0.0393 0.0274
60.0000 163.1108 1 80.0000 0.0000 2 0.1407 0.6937 0.9016 0.1929 0.0400 0.0197
60.0000 163.1108 1 80.0000 0.0000 2 0.1538 0.8640 0.9320 0.1036 0.0405 0.0222
60.0000 163.1108 1 80.0000 0.0000 2 0.1572 0.8618 0.9090 0.1606 0.0403 0.0239
60.0000 163.1108 1 80.0000 0.0000 2 0.1720 0.7467 0.8771 0.1588 0.0386 0.0213
60.0000 163.1108 1 80.0000 0.0000 2 0.1431 0.7263 0.8870 0.1571 0.0392 0.0171
60.0000 163.1108 1 80.0000 0.0000 2 0.1244 0.7410 0.8995 0.1189 0.0390 0.0175
60.0000 163.1108 1 80.0000 0.0000 2 0.1426 0.7645 0.9079 0.1228 0.0394 0.0218
60.0000 163.1108 1 80.0000 0.0000 2 0.1568 0.8223 0.9100 0.1561 0.0389 0.0181
60.0000 163.1108 1 80.0000 0.0000 2 0.1500 0.7367 0.8830 0.1674 0.0390 0.0158
60.0000 163.1108 1 80.0000 0.0000 2 0.1372 0.8136 0.9043 0.1682 0.0403 0.0195
60.0000 163.1108 1 80.0000 0.0000 2 0.1521 0.6408 0.9152 0.1454 0.0385 0.0241
60.0000 163.1108 1 80.0000 0.0000 2 0.1531 0.9232 0.8935 0.1414 0.0380 0.0237
60.0000 163.1108 1 80.0000 0.0000 2 0.1471 0.7693 0.9062 0.1253 0.0396 0.0192
60.0000 163.1108 1 80.0000 0.0000 2 0.1489 0.7526 0.8887 0.1821 0.0395 0.0180
60.0000 163.1108 1 80.0000 0.0000 2 0.1588 0.8059 0.9120 0.1515 0.0375 0.0223
