60.0000 159.4933 1 80.0000 0.0000 2 0.2102 1.0924 1.7613 0.1182 0.0528 0.0351
60.0000 159.4933 1 80.0000 0.0000 2 0.2171 1.0538 1.7155 0.1252 0.0495 0.0456
60.0000 159.4933 1 80.0000 0.0000 2 0.2040 1.0991 1.7978 0.1366 0.0594 0.0324
60.0000 159.4933 1 80.0000 0.0000 2 0.2050 1.0360 1.8006 0.1440 0.0525 0.0401
60.0000 159.4933 1 80.0000 0.0000 2 0.2079 0.9775 1.7661 0.1539 0.0517 0.0427
60.0000 159.4933 1 80.0000 0.0000 2 0.1850 0.9572 1.8366 0.1295 0.0545 0.0405
60.0000 159.4933 1 80.0000 0.0000 2 0.1798 1.2931 1.7938 0.1411 0.0512 0.0445
60.0000 159.4933 1 80.0000 0.0000 2 0.2144 0.9666 1.7627 0.1289 0.0424 0.0235
60.0000 159.4933 1 80.0000 0.0000 2 0.1893 1.0154 1.6988 0.1158 0.0492 0.0513
60.0000 159.4933 1 80.0000 0.0000 2 0.2242 1.1830 1.8047 0.1465 0.0468 0.0368
60.0000 159.4933 1 80.0000 0.0000 2 0.1884 0.9238 1.7917 0.1110 0.0478 0.0496
60.0000 159.4933 1 80.0000 0.0000 2 0.2088 0.9833 1.7725 0.1451 0.0534 0.0452
60.0000 159.4933 1 80.0000 0.0000 2 0.1912 1.1519 1.7859 0.1354 0.0497 0.0475
60.0000 159.4933 1 80.0000 0.0000 2 0.1992 1.0335 1.7817 0.1034 0.0531 0.0460
60.0000 159.4933 1 80.0000 0.0000 2 0.1907 1.2060 1.7308 0.1612 0.0524 0.0468
60.0000 159.4933 1 80.0000 0.0000 2 0.1865 1.0476 1.7563 0.1390 0.0520 0.0486
60.0000 159.4933 1 80.0000 0.0000 2 0.2296 1.1123 1.8021 0.1266 0.0488 0.0390
60.0000 159.4933 1 80.0000 0.0000 2 0.1838 0.9998 1.7647 0.1324 0.0538 0.0477
60.0000 159.4933 1 80.0000 0.0000 2 0.2003 1.1645 1.6798 0.1194 0.0502 0.0672
60.0000 159.4933 1 80.0000 0.0000 2 0.2060 1.1253 1.7567 0.0926 0.0543 0.0366
60.0000 159.4933 1 80.0000 0.0000 2 0.2127 1.0603 1.7425 0.1333 0.0507 0.0295
60.0000 159.4933 1 80.0000 0.0000 2 0.1726 1.0470 1.7210 0.1343 0.0465 0.0430
60.0000 159.4933 1 80.0000 0.0000 2 0.1940 1.0889 1.8305 0.1208 0.0446 0.0480
60.0000 159.4933 1 80.0000 0.0000 2 0.2186 1.1761 1.7450 0.1356 0.0503 0.0398
60.0000 159.4933 1 80.0000 0.0000 2 0.1670 1.0730 1.7889 0.1216 0.0519 0.0436
60.0000 159.4933 1 80.0000 0.0000 2 0.1966 1.1072 1.7902 0.1425 0.0590 0.0450
60.0000 159.4933 1 80.0000 0.0000 2 0.2036 1.0551 1.7379 0.1097 0.0555 0.0433
60.0000 159.4933 1 80.0000 0.0000 2 0.2101 1.1197 1.7791 0.1014 0.0482 0.0360
60.0000 159.4933 1 80.0000 0.0000 2 0.2134 1.0082 1.7359 0.1428 0.0501 0.0330
60.0000 159.4933 1 80.0000 0.0000 2 0.1816 1.0315 1.8113 0.1226 0.0554 0.0582
60.0000 159.4933 1 80.0000 0.0000 2 0.1956 1.0786 1.8071 0.1379 0.0560 0.0346
60.0000 159.4933 1 80.0000 0.0000 2 0.2022 1.1430 1.7595 0.1488 0.0510 0.0384
60.0000 159.4933 1 80.0000 0.0000 2 0.1949 0.9927 1.7488 0.1071 0.0479 0.0528
60.0000 159.4933 1 80.0000 0.0000 2 0.1782 1.0420 1.7751 0.1686 0.0532 0.0306
60.0000 159.4933 1 80.0000 0.0000 2 0.2002 1.1025 1.7264 0.0980 0.0568 0.0508
60.0000 159.4933 1 80.0000 0.0000 2 0.2202 1.0683 1.7325 0.1521 0.0505 0.0381
60.0000 159.4933 1 80.0000 0.0000 2 0.1873 1.1348 1.8461 0.1144 0.0473 0.0415
60.0000 159.4933 1 80.0000 0.0000 2 0.2076 1.1450 1.7483 0.1505 0.0536 0.0464
60.0000 159.4933 1 80.0000 0.0000 2 0.2154 1.1150 1.7128 0.1278 0.0550 0.0538
60.0000 159.4933 1 80.0000 0.0000 2 0.1984 1.0201 1.7702 0.1079 0.0541 0.0415
60.0000 159.4933 1 80.0000 0.0000 2 0.1967 1.0116 1.7419 0.1172 0.0486 0.0491
60.0000 159.4933 1 80.0000 0.0000 2 0.2027 1.0802 1.7763 0.1580 0.0561 0.0550
60.0000 159.4933 1 80.0000 0.0000 2 0.1927 0.9970 1.8226 0.1237 0.0516 0.0500
60.0000 159.4933 1 80.0000 0.0000 2 0.2116 1.0705 1.7811 0.1300 0.0548 0.0374
60.0000 159.4933 1 80.0000 0.0000 2 0.2017 0.9453 1.8145 0.1134 0.0579 0.0572
60.0000 159.4933 1 80.0000 0.0000 2 0.2067 1.1313 1.7523 0.1558 0.0513 0.0410
60.0000 159.4933 1 80.0000 0.0000 2 0.1975 1.0970 1.7841 0.1680 0.0492 0.0543
60.0000 159.4933 1 80.0000 0.0000 2 0.1935 1.0643 1.7716 0.1398 0.0522 0.0441
60.0000 159.4933 1 80.0000 0.0000 2 0.2307 1.0825 1.7536 0.1315 0.0570 0.0522
60.0000 159.4933 1 80.0000 0.0000 2 0.2230 1.0242 1.7673 0.1249 0.0456 0.0419
