60.0000 176.4169 1 80.0000 0.0000 2 0.1537 3.3707 1.9328 0.1805 0.1789 0.0909
60.0000 176.4169 1 80.0000 0.0000 2 0.1627 3.2742 1.9379 0.1544 0.1696 0.0752
60.0000 176.4169 1 80.0000 0.0000 2 0.1515 3.3806 1.9366 0.1734 0.1705 0.0820
60.0000 176.4169 1 80.0000 0.0000 2 0.1645 3.3080 1.9310 0.1526 0.1759 0.0903
60.0000 176.4169 1 80.0000 0.0000 2 0.1574 3.3512 1.9253 0.1766 0.1627 0.0780
60.0000 176.4169 1 80.0000 0.0000 2 0.1569 3.3442 1.9363 0.1754 0.1733 0.0692
60.0000 176.4169 1 80.0000 0.0000 2 0.1586 3.4617 1.9164 0.1615 0.1805 0.0793
60.0000 176.4169 1 80.0000 0.0000 2 0.1617 3.3612 1.9238 0.1838 0.1645 0.0868
60.0000 176.4169 1 80.0000 0.0000 2 0.1652 3.3209 1.9246 0.1610 0.1745 0.0887
60.0000 176.4169 1 80.0000 0.0000 2 0.1614 3.3852 1.9256 0.1645 0.1725 0.0807
60.0000 176.4169 1 80.0000 0.0000 2 0.1588 3.3383 1.9390 0.1636 0.1565 0.0794
60.0000 176.4169 1 80.0000 0.0000 2 0.1609 3.3057 1.9205 0.1554 0.1878 0.0804
60.0000 176.4169 1 80.0000 0.0000 2 0.1593 3.2899 1.9301 0.1712 0.1754 0.0726
60.0000 176.4169 1 80.0000 0.0000 2 0.1525 3.3289 1.9339 0.1713 0.1638 0.0759
60.0000 176.4169 1 80.0000 0.0000 2 0.1565 3.3677 1.9053 0.1622 0.1813 0.0828
60.0000 176.4169 1 80.0000 0.0000 2 0.1625 3.3917 1.9213 0.1724 0.1817 0.0883
60.0000 176.4169 1 80.0000 0.0000 2 0.1590 3.4034 1.9324 0.1687 0.1799 0.0983
60.0000 176.4169 1 80.0000 0.0000 2 0.1552 3.3555 1.9278 0.1692 0.1710 0.0800
60.0000 176.4169 1 80.0000 0.0000 2 0.1599 3.3899 1.9262 0.1678 0.1488 0.0840
60.0000 176.4169 1 80.0000 0.0000 2 0.1603 3.5646 1.9139 0.1574 0.1600 0.0766
60.0000 176.4169 1 80.0000 0.0000 2 0.1708 3.4660 1.9118 0.1657 0.1723 0.0677
60.0000 176.4169 1 80.0000 0.0000 2 0.1690 3.2218 1.9075 0.1663 0.1711 0.0873
60.0000 176.4169 1 80.0000 0.0000 2 0.1602 3.2834 1.9197 0.1628 0.1619 0.0744
60.0000 176.4169 1 80.0000 0.0000 2 0.1657 3.4465 1.9182 0.1776 0.1738 0.0816
60.0000 176.4169 1 80.0000 0.0000 2 0.1555 3.4114 1.9305 0.1640 0.1831 0.0853
60.0000 176.4169 1 80.0000 0.0000 2 0.1611 3.2795 1.9403 0.1502 0.1584 0.0895
60.0000 176.4169 1 80.0000 0.0000 2 0.1640 3.2971 1.9227 0.1707 0.1771 0.0851
60.0000 176.4169 1 80.0000 0.0000 2 0.1628 3.4331 1.9343 0.1722 0.1649 0.0775
60.0000 176.4169 1 80.0000 0.0000 2 0.1619 3.3966 1.9294 0.1672 0.1777 0.0834
60.0000 176.4169 1 80.0000 0.0000 2 0.1585 3.3306 1.9317 0.1623 0.1680 0.0788
60.0000 176.4169 1 80.0000 0.0000 2 0.1660 3.3160 1.9150 0.1760 0.1843 0.0942
60.0000 176.4169 1 80.0000 0.0000 2 0.1453 3.5183 1.9271 0.1669 0.1658 0.0832
60.0000 176.4169 1 80.0000 0.0000 2 0.1638 3.4385 1.9122 0.1601 0.1768 0.0879
60.0000 176.4169 1 80.0000 0.0000 2 0.1562 3.3401 1.9267 0.1568 0.1856 0.0954
60.0000 176.4169 1 80.0000 0.0000 2 0.1635 3.4206 1.9244 0.1739 0.1718 0.0921
60.0000 176.4169 1 80.0000 0.0000 2 0.1579 3.3751 1.9175 0.1745 0.1676 0.0914
60.0000 176.4169 1 80.0000 0.0000 2 0.1662 3.2599 1.9457 0.1662 0.1913 0.0825
60.0000 176.4169 1 80.0000 0.0000 2 0.1622 3.4241 1.9279 0.1789 0.1652 0.0816
60.0000 176.4169 1 80.0000 0.0000 2 0.1595 3.4121 1.9181 0.1460 0.1686 0.0861
60.0000 176.4169 1 80.0000 0.0000 2 0.1541 3.3630 1.9102 0.1651 0.1866 0.0844
60.0000 176.4169 1 80.0000 0.0000 2 0.1687 3.3256 1.9222 0.1729 0.1664 0.0859
60.0000 176.4169 1 80.0000 0.0000 2 0.1558 3.2530 1.9445 0.1784 0.1749 0.0768
60.0000 176.4169 1 80.0000 0.0000 2 0.1544 3.4312 1.9158 0.1815 0.1762 0.0844
60.0000 176.4169 1 80.0000 0.0000 2 0.1580 3.4556 1.9216 0.1590 0.1734 0.0730
60.0000 176.4169 1 80.0000 0.0000 2 0.1572 3.2464 1.9231 0.1840 0.1614 0.0865
60.0000 176.4169 1 80.0000 0.0000 2 0.1632 3.3476 1.9200 0.1701 0.1671 0.0926
60.0000 176.4169 1 80.0000 0.0000 2 0.1606 3.4996 1.9286 0.1882 0.1783 0.0737
60.0000 176.4169 1 80.0000 0.0000 2 0.1648 3.1466 1.9292 0.1592 0.1698 0.0714
60.0000 176.4169 1 80.0000 0.0000 2 0.1672 3.4759 1.9190 0.1697 0.1547 0.0782
60.0000 176.4169 1 80.0000 0.0000 2 0.1676 3.3993 1.9354 0.1684 0.1689 0.0809
