60.0000 176.1849 1 80.0000 0.0000 2 0.0670 4.0275 0.2819 0.1636 0.0435 0.0145
60.0000 176.1849 1 80.0000 0.0000 2 0.0736 4.0164 0.2742 0.1021 0.0451 0.0262
60.0000 176.1849 1 80.0000 0.0000 2 0.1107 4.0254 0.2877 0.2018 0.0530 0.0092
60.0000 176.1849 1 80.0000 0.0000 2 0.0778 3.9503 0.2921 0.1845 0.0501 0.0161
60.0000 176.1849 1 80.0000 0.0000 2 0.0845 3.8114 0.2943 0.1232 0.0706 0.0181
60.0000 176.1849 1 80.0000 0.0000 2 0.0821 4.0062 0.3069 0.2582 0.0397 0.0113
60.0000 176.1849 1 80.0000 0.0000 2 0.0974 4.1707 0.2953 0.2158 0.0442 0.0130
60.0000 176.1849 1 80.0000 0.0000 2 0.1322 4.1389 0.2595 0.1398 0.0497 0.0207
60.0000 176.1849 1 80.0000 0.0000 2 0.1197 4.1331 0.2837 0.2783 0.0473 0.0203
60.0000 176.1849 1 80.0000 0.0000 2 0.1131 4.0425 0.2977 0.1682 0.0372 0.0269
60.0000 176.1849 1 80.0000 0.0000 2 0.0793 4.0560 0.2828 0.1900 0.0552 0.0189
60.0000 176.1849 1 80.0000 0.0000 2 0.1070 4.1561 0.2756 0.3047 0.0489 0.0078
60.0000 176.1849 1 80.0000 0.0000 2 0.0474 4.1239 0.2884 0.1528 0.0547 0.0229
60.0000 176.1849 1 80.0000 0.0000 2 0.1084 3.9601 0.2713 0.1592 0.0583 -0.0001
60.0000 176.1849 1 80.0000 0.0000 2 0.1027 4.0029 0.2809 0.1431 0.0352 0.0220
60.0000 176.1849 1 80.0000 0.0000 2 0.0715 4.1119 0.3023 0.1689 0.0458 0.0169
60.0000 176.1849 1 80.0000 0.0000 2 0.1408 4.1084 0.2792 0.1747 0.0614 0.0167
60.0000 176.1849 1 80.0000 0.0000 2 0.1168 3.9825 0.2843 0.1319 0.0550 0.0055
60.0000 176.1849 1 80.0000 0.0000 2 0.1049 4.2168 0.2740 0.2405 0.0518 0.0087
60.0000 176.1849 1 80.0000 0.0000 2 0.1381 4.1625 0.2903 0.2039 0.0493 0.0034
60.0000 176.1849 1 80.0000 0.0000 2 0.0852 4.1309 0.2727 0.1054 0.0575 0.0124
60.0000 176.1849 1 80.0000 0.0000 2 0.1152 4.2294 0.2751 0.0955 0.0528 0.0213
60.0000 176.1849 1 80.0000 0.0000 2 0.0942 3.9934 0.2800 0.2299 0.0538 0.0185
60.0000 176.1849 1 80.0000 0.0000 2 0.1296 4.2205 0.2723 0.1946 0.0536 0.0150
60.0000 176.1849 1 80.0000 0.0000 2 0.0891 4.0975 0.2766 0.1877 0.0409 0.0195
60.0000 176.1849 1 80.0000 0.0000 2 0.1220 4.0943 0.2511 0.1817 0.0560 0.0135
60.0000 176.1849 1 80.0000 0.0000 2 0.1036 4.1915 0.2677 0.2415 0.0577 0.0233
60.0000 176.1849 1 80.0000 0.0000 2 0.0925 4.1517 0.2969 0.1171 0.0609 0.0115
60.0000 176.1849 1 80.0000 0.0000 2 0.1175 4.0709 0.2858 0.2066 0.0509 0.0241
60.0000 176.1849 1 80.0000 0.0000 2 0.1631 4.2876 0.2780 0.0700 0.0636 0.0280
60.0000 176.1849 1 80.0000 0.0000 2 0.1690 4.1173 0.2816 0.1958 0.0632 0.0101
60.0000 176.1849 1 80.0000 0.0000 2 0.1263 4.1057 0.2661 0.1726 0.0564 0.0253
60.0000 176.1849 1 80.0000 0.0000 2 0.1476 4.1653 0.3042 0.1290 0.0589 0.0202
60.0000 176.1849 1 80.0000 0.0000 2 0.1443 4.2690 0.2687 0.1126 0.0513 0.0248
60.0000 176.1849 1 80.0000 0.0000 2 0.1015 3.9248 0.2777 0.2672 0.0468 0.0237
60.0000 176.1849 1 80.0000 0.0000 2 0.1236 4.1814 0.2636 0.1772 0.0515 0.0106
60.0000 176.1849 1 80.0000 0.0000 2 0.1527 4.0474 0.2790 0.2320 0.0428 0.0300
60.0000 176.1849 1 80.0000 0.0000 2 0.1129 4.0826 0.2697 0.1361 0.0420 0.0328
60.0000 176.1849 1 80.0000 0.0000 2 0.1091 4.1997 0.2561 0.1804 0.0540 0.0071
60.0000 176.1849 1 80.0000 0.0000 2 0.0979 4.2054 0.2930 0.1496 0.0412 0.0222
60.0000 176.1849 1 80.0000 0.0000 2 0.1350 4.2589 0.2874 0.2111 0.0462 0.0174
60.0000 176.1849 1 80.0000 0.0000 2 0.0943 4.0388 0.2850 0.2207 0.0566 0.0350
60.0000 176.1849 1 80.0000 0.0000 2 0.1264 4.0878 0.2896 0.2245 0.0505 0.0127
60.0000 176.1849 1 80.0000 0.0000 2 0.0873 4.0697 0.2910 0.0728 0.0479 0.0285
60.0000 176.1849 1 80.0000 0.0000 2 0.0611 4.1786 0.2865 0.1989 0.0483 0.0306
60.0000 176.1849 1 80.0000 0.0000 2 0.1301 4.2401 0.2642 0.1626 0.0487 0.0155
60.0000 176.1849 1 80.0000 0.0000 2 0.1004 4.3269 0.2990 0.2506 0.0446 0.0031
60.0000 176.1849 1 80.0000 0.0000 2 0.1210 4.0784 0.2673 0.1479 0.0596 0.0191
60.0000 176.1849 1 80.0000 0.0000 2 0.1361 4.0624 0.3110 0.1564 0.0521 0.0142
60.0000 176.1849 1 80.0000 0.0000 2 0.1556 4.1440 0.2603 0.2162 0.0467 0.0159
