60.0000 176.0898 1 80.0000 0.0000 2 0.9251 2.1682 0.3619 0.3197 1.2653 -7.8830
60.0000 176.0898 1 80.0000 0.0000 2 0.8122 2.2560 0.3574 0.3287 -3.0480 -12.3403
60.0000 176.0898 1 80.0000 0.0000 2 -0.4191 2.3418 0.3659 0.2852 -11.5298 3.9331
60.0000 176.0898 1 80.0000 0.0000 2 -1.8622 2.2141 0.3602 0.3103 -4.5804 22.0289
60.0000 176.0898 1 80.0000 0.0000 2 -0.6370 2.2135 0.3584 0.3049 16.0895 15.6402
60.0000 176.0898 1 80.0000 0.0000 2 0.4614 2.1899 0.3636 0.3238 4.3105 1.0283
60.0000 176.0898 1 80.0000 0.0000 2 -0.0874 2.1632 0.3579 0.2870 11.6401 -1.1082
60.0000 176.0898 1 80.0000 0.0000 2 0.9338 2.2211 0.3549 0.3002 -5.3723 1.8599
60.0000 176.0898 1 80.0000 0.0000 2 -0.7111 2.1331 0.3481 0.2892 -9.2185 -7.5626
60.0000 176.0898 1 80.0000 0.0000 2 -1.2829 2.2534 0.3598 0.2878 9.2381 9.6726
60.0000 176.0898 1 80.0000 0.0000 2 1.3882 2.2848 0.3644 0.2837 3.7029 -3.1512
60.0000 176.0898 1 80.0000 0.0000 2 -1.3747 2.1942 0.3655 0.2922 5.6743 -5.6066
60.0000 176.0898 1 80.0000 0.0000 2 0.5105 2.2428 0.3542 0.3414 2.8622 -15.5435
60.0000 176.0898 1 80.0000 0.0000 2 -1.5114 2.1740 0.3755 0.3035 8.0067 5.8323
60.0000 176.0898 1 80.0000 0.0000 2 1.6974 2.1994 0.3590 0.3214 4.7560 19.2765
60.0000 176.0898 1 80.0000 0.0000 2 0.7720 2.1760 0.3817 0.3058 1.8338 -0.6728
60.0000 176.0898 1 80.0000 0.0000 2 0.1261 2.2341 0.3556 0.2955 0.4428 -9.2827
60.0000 176.0898 1 80.0000 0.0000 2 0.3994 2.2313 0.3685 0.2942 25.8297 4.3186
60.0000 176.0898 1 80.0000 0.0000 2 0.3375 2.2768 0.3568 0.2963 -1.0162 -3.7289
60.0000 176.0898 1 80.0000 0.0000 2 0.3007 2.1826 0.3664 0.2820 -18.5360 8.2097
60.0000 176.0898 1 80.0000 0.0000 2 -0.1750 2.2050 0.3763 0.2705 -10.2961 -4.5429
60.0000 176.0898 1 80.0000 0.0000 2 -0.3106 2.2073 0.3724 0.2760 1.0675 -7.0275
60.0000 176.0898 1 80.0000 0.0000 2 -0.5289 2.2976 0.3630 0.3023 6.8167 -3.0129
60.0000 176.0898 1 80.0000 0.0000 2 -0.1086 2.3204 0.3709 0.3149 -13.7041 -19.2122
60.0000 176.0898 1 80.0000 0.0000 2 1.7561 2.2468 0.3681 0.3082 5.2972 5.9417
60.0000 176.0898 1 80.0000 0.0000 2 0.6281 2.2290 0.3447 0.2718 -3.4172 -10.1761
60.0000 176.0898 1 80.0000 0.0000 2 -2.3722 2.2032 0.3626 0.3170 13.4822 0.3420
60.0000 176.0898 1 80.0000 0.0000 2 -0.9222 2.3048 0.3690 0.3067 -10.5496 -16.1119
60.0000 176.0898 1 80.0000 0.0000 2 -0.7750 2.1172 0.3512 0.3013 -14.6874 -13.5965
60.0000 176.0898 1 80.0000 0.0000 2 0.2333 2.2109 0.3699 0.3121 10.3379 -9.1136
60.0000 176.0898 1 80.0000 0.0000 2 0.6729 2.2232 0.3716 0.2803 -17.6567 0.0112
60.0000 176.0898 1 80.0000 0.0000 2 1.1907 2.2616 0.3564 0.3041 8.2114 6.4846
60.0000 176.0898 1 80.0000 0.0000 2 -0.3656 2.2269 0.3549 0.3095 12.4285 11.6560
60.0000 176.0898 1 80.0000 0.0000 2 -0.2139 2.2667 0.3528 0.2992 20.5913 -11.5008
60.0000 176.0898 1 80.0000 0.0000 2 -0.9371 2.1557 0.3506 0.3127 -6.0396 -6.0419
60.0000 176.0898 1 80.0000 0.0000 2 0.0365 2.1864 0.3650 0.2898 2.4282 2.3974
60.0000 176.0898 1 80.0000 0.0000 2 -1.0901 2.2250 0.3614 0.2780 10.8198 7.5029
60.0000 176.0898 1 80.0000 0.0000 2 1.5002 2.2367 0.3521 0.2934 -7.3136 1.0086
60.0000 176.0898 1 80.0000 0.0000 2 2.2135 2.2744 0.3612 0.2850 -7.7792 10.2959
60.0000 176.0898 1 80.0000 0.0000 2 0.0959 2.2407 0.3426 0.2796 -4.2613 -5.0927
60.0000 176.0898 1 80.0000 0.0000 2 -0.4558 2.2864 0.3642 0.3334 6.1828 17.5608
60.0000 176.0898 1 80.0000 0.0000 2 1.0958 2.1597 0.3596 0.2197 -0.2133 13.1382
60.0000 176.0898 1 80.0000 0.0000 2 -1.1952 2.2440 0.3605 0.2987 -0.5075 -23.4064
60.0000 176.0898 1 80.0000 0.0000 2 -0.0284 2.1981 0.3667 0.2932 -8.3929 3.4298
60.0000 176.0898 1 80.0000 0.0000 2 1.2873 2.2686 0.3532 0.2654 -2.3292 4.8687
60.0000 176.0898 1 80.0000 0.0000 2 -0.5835 2.2581 0.3496 0.2642 16.4529 8.7844
60.0000 176.0898 1 80.0000 0.0000 2 2.3089 2.2494 0.3625 0.2733 -6.5672 12.3057
60.0000 176.0898 1 80.0000 0.0000 2 0.1804 2.1883 0.3580 0.2974 -1.6839 -2.1131
60.0000 176.0898 1 80.0000 0.0000 2 0.6053 2.1431 0.3675 0.2907 -12.6511 2.7464
60.0000 176.0898 1 80.0000 0.0000 2 1.0687 2.2188 0.3737 0.3166 -25.8142 -1.9811
