60.0000 163.4510 1 80.0000 0.0000 2 0.1472 1.4474 8.5214 -0.0076 0.1613 0.1032
60.0000 163.4510 1 80.0000 0.0000 2 0.1475 1.3675 10.8303 0.0018 0.1798 0.1070
60.0000 163.4510 1 80.0000 0.0000 2 0.1483 1.4561 8.2639 0.0041 0.1872 0.0929
60.0000 163.4510 1 80.0000 0.0000 2 0.1502 1.5353 9.7892 0.0072 0.1967 0.1025
60.0000 163.4510 1 80.0000 0.0000 2 0.1477 1.4331 7.3446 0.0080 0.1691 0.1137
60.0000 163.4510 1 80.0000 0.0000 2 0.1503 1.4543 12.3935 -0.0017 0.1889 0.0994
60.0000 163.4510 1 80.0000 0.0000 2 0.1497 1.5288 7.8303 -0.0000 0.1768 0.1112
60.0000 163.4510 1 80.0000 0.0000 2 0.1490 1.4973 8.9462 0.0090 0.1809 0.1021
60.0000 163.4510 1 80.0000 0.0000 2 0.1498 1.3500 8.4249 0.0136 0.2194 0.0896
60.0000 163.4510 1 80.0000 0.0000 2 0.1502 1.4763 7.9965 0.0123 0.1736 0.0999
60.0000 163.4510 1 80.0000 0.0000 2 0.1516 1.4791 10.4516 0.0034 0.1940 0.1164
60.0000 163.4510 1 80.0000 0.0000 2 0.1507 1.4907 7.6620 0.0140 0.1792 0.1052
60.0000 163.4510 1 80.0000 0.0000 2 0.1482 1.4830 10.2532 0.0044 0.1879 0.1111
60.0000 163.4510 1 80.0000 0.0000 2 0.1495 1.4241 7.4251 -0.0010 0.1788 0.0915
60.0000 163.4510 1 80.0000 0.0000 2 0.1515 1.5205 8.1770 0.0059 0.1815 0.1051
60.0000 163.4510 1 80.0000 0.0000 2 0.1467 1.4752 8.5714 0.0071 0.1849 0.1076
60.0000 163.4510 1 80.0000 0.0000 2 0.1500 1.4180 7.8665 0.0122 0.1553 0.1245
60.0000 163.4510 1 80.0000 0.0000 2 0.1505 1.4282 8.1463 -0.0036 0.2054 0.1096
60.0000 163.4510 1 80.0000 0.0000 2 0.1506 1.4671 7.5769 -0.0029 0.1740 0.0983
60.0000 163.4510 1 80.0000 0.0000 2 0.1488 1.5436 8.6263 0.0061 0.1824 0.1123
60.0000 163.4510 1 80.0000 0.0000 2 0.1475 1.4193 8.6665 0.0049 0.1755 0.1104
60.0000 163.4510 1 80.0000 0.0000 2 0.1495 1.4056 9.1270 -0.0045 0.1455 0.1159
60.0000 163.4510 1 80.0000 0.0000 2 0.1493 1.3083 14.6440 0.0179 0.1486 0.1042
60.0000 163.4510 1 80.0000 0.0000 2 0.1508 1.3778 7.4030 0.0066 0.1837 0.1065
60.0000 163.4510 1 80.0000 0.0000 2 0.1509 1.5011 8.8623 0.0037 0.1679 0.0953
60.0000 163.4510 1 80.0000 0.0000 2 0.1459 1.3988 9.3134 0.0015 0.1720 0.0946
60.0000 163.4510 1 80.0000 0.0000 2 0.1481 1.4720 nan 0.0149 0.1619 0.0989
60.0000 163.4510 1 80.0000 0.0000 2 0.1513 1.5186 7.2213 0.0023 0.1852 0.1211
60.0000 163.4510 1 80.0000 0.0000 2 0.1486 1.4408 8.0676 0.0097 0.1717 0.0881
60.0000 163.4510 1 80.0000 0.0000 2 0.1471 1.4944 6.6108 -0.0005 0.1567 0.1172
60.0000 163.4510 1 80.0000 0.0000 2 0.1491 1.5662 7.8044 0.0083 0.1637 0.1037
60.0000 163.4510 1 80.0000 0.0000 2 0.1480 1.4093 8.7287 0.0085 0.1776 0.1013
60.0000 163.4510 1 80.0000 0.0000 2 0.1504 1.4887 7.9153 0.0105 0.1660 0.1223
60.0000 163.4510 1 80.0000 0.0000 2 0.1511 1.5083 9.5969 0.0221 0.1860 0.0972
60.0000 163.4510 1 80.0000 0.0000 2 0.1521 1.4449 6.9098 0.0003 0.2019 0.1186
60.0000 163.4510 1 80.0000 0.0000 2 0.1484 1.3658 8.0283 0.0160 0.1766 0.1079
60.0000 163.4510 1 80.0000 0.0000 2 0.1479 1.4131 8.8830 0.0114 0.1705 0.1190
60.0000 163.4510 1 80.0000 0.0000 2 0.1494 1.3442 7.1356 0.0076 0.1913 0.1388
60.0000 163.4510 1 80.0000 0.0000 2 0.1487 1.4634 7.4822 0.0054 0.1950 0.0961
60.0000 163.4510 1 80.0000 0.0000 2 0.1496 1.3946 8.3903 0.0112 0.1922 0.0802
60.0000 163.4510 1 80.0000 0.0000 2 0.1493 1.4523 9.4797 0.0029 0.1934 0.1130
60.0000 163.4510 1 80.0000 0.0000 2 0.1485 1.5730 10.9855 0.0129 0.1583 0.1007
60.0000 163.4510 1 80.0000 0.0000 2 0.1462 1.3912 7.6415 0.0170 0.1695 0.1091
60.0000 163.4510 1 80.0000 0.0000 2 0.1488 1.5108 7.7456 0.0010 0.1670 0.1278
60.0000 163.4510 1 80.0000 0.0000 2 0.1490 1.4620 9.0523 0.0093 0.1648 0.0860
60.0000 163.4510 1 80.0000 0.0000 2 0.1519 1.4384 9.9705 0.0062 0.1986 0.0965
60.0000 163.4510 1 80.0000 0.0000 2 0.1499 1.5479 8.2214 0.0107 0.1747 0.1124
60.0000 163.4510 1 80.0000 0.0000 2 0.1492 1.3826 8.3486 0.0047 0.1831 0.1061
60.0000 163.4510 1 80.0000 0.0000 2 0.1537 1.4344 nan 0.0027 0.2042 0.1144
60.0000 163.4510 1 80.0000 0.0000 2 0.1500 1.6128 9.2939 0.0099 0.1902 0.1084
