60.0000 174.7726 1 80.0000 0.0000 2 0.1393 2.9554 3.0301 0.1680 0.1793 0.0811
60.0000 174.7726 1 80.0000 0.0000 2 0.1315 3.0099 2.9879 0.1629 0.1718 0.0680
60.0000 174.7726 1 80.0000 0.0000 2 0.1451 3.1050 3.1140 0.1689 0.1715 0.0772
60.0000 174.7726 1 80.0000 0.0000 2 0.1404 3.0219 3.1243 0.1538 0.1694 0.0689
60.0000 174.7726 1 80.0000 0.0000 2 0.1438 3.0478 3.0095 0.1625 0.1750 0.0785
60.0000 174.7726 1 80.0000 0.0000 2 0.1421 2.9414 2.9580 0.1524 0.1677 0.0736
60.0000 174.7726 1 80.0000 0.0000 2 0.1430 2.9626 3.0424 0.1612 0.1584 0.0710
60.0000 174.7726 1 80.0000 0.0000 2 0.1290 3.0006 3.1079 0.1564 0.1531 0.0746
60.0000 174.7726 1 80.0000 0.0000 2 0.1395 2.8265 2.9829 0.1759 0.1578 0.0719
60.0000 174.7726 1 80.0000 0.0000 2 0.1547 2.9097 3.0706 0.1520 0.1706 0.0721
60.0000 174.7726 1 80.0000 0.0000 2 0.1332 2.8891 3.0509 0.1490 0.1727 0.0741
60.0000 174.7726 1 80.0000 0.0000 2 0.1286 3.0307 3.0793 0.1796 0.1653 0.0751
60.0000 174.7726 1 80.0000 0.0000 2 0.1471 3.0065 3.1011 0.1589 0.1646 0.0804
60.0000 174.7726 1 80.0000 0.0000 2 0.1586 2.9132 3.1066 0.1653 0.1772 0.0780
60.0000 174.7726 1 80.0000 0.0000 2 0.1303 3.0251 3.2711 0.1744 0.1519 0.0830
60.0000 174.7726 1 80.0000 0.0000 2 0.1448 2.9641 3.1920 0.1722 0.1684 0.0761
60.0000 174.7726 1 80.0000 0.0000 2 0.1363 3.0386 3.1603 0.1481 0.1817 0.0882
60.0000 174.7726 1 80.0000 0.0000 2 0.1335 2.8956 3.0989 0.1568 0.1670 0.0799
60.0000 174.7726 1 80.0000 0.0000 2 0.1384 2.9743 3.2086 0.1669 0.1831 0.0733
60.0000 174.7726 1 80.0000 0.0000 2 0.1366 3.0193 3.0911 0.1643 0.1666 0.0755
60.0000 174.7726 1 80.0000 0.0000 2 0.1412 2.9696 3.0343 0.1377 0.1745 0.0702
60.0000 174.7726 1 80.0000 0.0000 2 0.1439 2.9405 3.0831 0.1772 0.1948 0.0750
60.0000 174.7726 1 80.0000 0.0000 2 0.1418 3.0820 3.0585 0.1575 0.1740 0.0677
60.0000 174.7726 1 80.0000 0.0000 2 0.1377 2.9583 3.1365 0.1599 0.1795 0.0818
60.0000 174.7726 1 80.0000 0.0000 2 0.1465 2.9915 2.9537 0.1433 0.1843 0.0694
60.0000 174.7726 1 80.0000 0.0000 2 0.1457 3.0752 2.9682 0.1450 0.1762 0.0669
60.0000 174.7726 1 80.0000 0.0000 2 0.1372 3.0416 3.0209 0.1662 0.1777 0.0740
60.0000 174.7726 1 80.0000 0.0000 2 0.1347 2.8397 3.0178 0.1843 0.1564 0.0782
60.0000 174.7726 1 80.0000 0.0000 2 0.1356 3.0704 3.1645 0.1546 0.1787 0.0744
60.0000 174.7726 1 80.0000 0.0000 2 0.1324 2.8795 3.1830 0.1622 0.1734 0.0713
60.0000 174.7726 1 80.0000 0.0000 2 0.1428 2.9311 3.1310 0.1502 0.1635 0.0731
60.0000 174.7726 1 80.0000 0.0000 2 0.1386 2.9450 3.0777 0.1660 0.1756 0.0773
60.0000 174.7726 1 80.0000 0.0000 2 0.1501 2.9048 3.1326 0.1558 0.1807 0.0692
60.0000 174.7726 1 80.0000 0.0000 2 0.1486 3.1008 3.0897 0.1683 0.1661 0.0580
60.0000 174.7726 1 80.0000 0.0000 2 0.1497 2.9889 3.1778 0.1607 0.1769 0.0858
60.0000 174.7726 1 80.0000 0.0000 2 0.1352 3.0141 3.1203 0.1402 0.1897 0.0767
60.0000 174.7726 1 80.0000 0.0000 2 0.1344 2.9954 2.9917 0.1733 0.1680 0.0791
60.0000 174.7726 1 80.0000 0.0000 2 0.1478 2.8716 3.0128 0.1477 0.1619 0.0704
60.0000 174.7726 1 80.0000 0.0000 2 0.1256 2.9815 3.1467 0.1706 0.1733 0.0821
60.0000 174.7726 1 80.0000 0.0000 2 0.1308 3.1278 2.9983 0.1724 0.1601 0.0758
60.0000 174.7726 1 80.0000 0.0000 2 0.1513 2.8623 3.0719 0.1296 0.1701 0.0653
60.0000 174.7726 1 80.0000 0.0000 2 0.1521 2.9836 3.0459 0.1515 0.1609 0.0725
60.0000 174.7726 1 80.0000 0.0000 2 0.1737 3.0580 3.1489 0.1703 0.1721 0.0728
60.0000 174.7726 1 80.0000 0.0000 2 0.1474 2.9216 3.0600 0.1811 0.1625 0.0795
60.0000 174.7726 1 80.0000 0.0000 2 0.1398 2.9784 2.9412 0.1595 0.1634 0.0767
60.0000 174.7726 1 80.0000 0.0000 2 0.1409 2.9273 3.0639 0.1539 0.1691 0.0715
60.0000 174.7726 1 80.0000 0.0000 2 0.1214 2.9332 3.0267 0.1865 0.1820 0.0794
60.0000 174.7726 1 80.0000 0.0000 2 0.1221 2.9980 3.2315 0.1462 0.1706 0.0778
60.0000 174.7726 1 80.0000 0.0000 2 0.1532 2.9517 3.0497 0.1635 0.1857 0.0838
60.0000 174.7726 1 80.0000 0.0000 2 0.1271 3.0558 2.9008 0.1582 0.1647 0.0762
