60.0000 173.2969 1 80.0000 0.0000 2 0.1105 2.1781 0.2321 0.2987 0.0398 0.0008
60.0000 173.2969 1 80.0000 0.0000 2 0.1069 2.2422 0.2163 0.2939 0.0397 -0.0008
60.0000 173.2969 1 80.0000 0.0000 2 0.0926 2.3977 0.2252 0.2921 0.0456 0.0158
60.0000 173.2969 1 80.0000 0.0000 2 0.0785 2.3179 0.2177 0.2537 0.0388 0.0275
60.0000 173.2969 1 80.0000 0.0000 2 0.1019 2.3579 0.2043 0.2963 0.0390 0.0069
60.0000 173.2969 1 80.0000 0.0000 2 0.0821 2.1860 0.2134 0.2882 0.0380 0.0117
60.0000 173.2969 1 80.0000 0.0000 2 0.0871 2.3421 0.2090 0.2719 0.0434 0.0137
60.0000 173.2969 1 80.0000 0.0000 2 0.0951 2.1644 0.2227 0.2768 0.0444 0.0180
60.0000 173.2969 1 80.0000 0.0000 2 0.0971 1.9618 0.2211 0.2676 0.0406 0.0251
60.0000 173.2969 1 80.0000 0.0000 2 0.0765 2.4159 0.2119 0.2811 0.0435 0.0057
60.0000 173.2969 1 80.0000 0.0000 2 0.1062 2.0942 0.1977 0.2958 0.0414 0.0269
60.0000 173.2969 1 80.0000 0.0000 2 0.1219 2.4993 0.2103 0.3016 0.0406 0.0058
60.0000 173.2969 1 80.0000 0.0000 2 0.1130 2.1163 0.2128 0.2809 0.0403 0.0134
60.0000 173.2969 1 80.0000 0.0000 2 0.0983 2.2111 0.2137 0.3254 0.0429 0.0073
60.0000 173.2969 1 80.0000 0.0000 2 0.0896 2.3306 0.2182 0.3234 0.0384 0.0030
60.0000 173.2969 1 80.0000 0.0000 2 0.0851 2.2129 0.2148 0.2632 0.0440 0.0185
60.0000 173.2969 1 80.0000 0.0000 2 0.1177 2.1912 0.2269 0.3147 0.0463 0.0169
60.0000 173.2969 1 80.0000 0.0000 2 0.0813 2.1580 0.2162 0.3484 0.0416 0.0228
60.0000 173.2969 1 80.0000 0.0000 2 0.0999 2.2448 0.2112 0.2861 0.0425 0.0108
60.0000 173.2969 1 80.0000 0.0000 2 0.0903 2.2511 0.2260 0.3219 0.0409 0.0078
60.0000 173.2969 1 80.0000 0.0000 2 0.1027 2.3810 0.2083 0.3268 0.0449 0.0081
60.0000 173.2969 1 80.0000 0.0000 2 0.1110 2.2957 0.2232 0.3022 0.0412 0.0131
60.0000 173.2969 1 80.0000 0.0000 2 0.0831 2.3483 0.2091 0.3054 0.0458 0.0357
60.0000 173.2969 1 80.0000 0.0000 2 0.1094 2.2650 0.2284 0.2748 0.0423 0.0140
60.0000 173.2969 1 80.0000 0.0000 2 0.0862 2.2807 0.2076 0.3381 0.0414 0.0199
60.0000 173.2969 1 80.0000 0.0000 2 0.1033 2.3077 0.2382 0.3100 0.0441 0.0122
60.0000 173.2969 1 80.0000 0.0000 2 0.0707 2.2873 0.2223 0.3124 0.0438 0.0227
60.0000 173.2969 1 80.0000 0.0000 2 0.0932 2.3359 0.2187 0.2707 0.0344 0.0219
60.0000 173.2969 1 80.0000 0.0000 2 0.1005 2.2266 0.2020 0.2329 0.0445 0.0098
60.0000 173.2969 1 80.0000 0.0000 2 0.0845 2.5356 0.2218 0.2892 0.0465 0.0112
60.0000 173.2969 1 80.0000 0.0000 2 0.0947 2.0472 0.2108 0.3079 0.0437 0.0163
60.0000 173.2969 1 80.0000 0.0000 2 0.1143 2.3143 0.2036 0.3509 0.0410 0.0035
60.0000 173.2969 1 80.0000 0.0000 2 0.1055 2.3747 0.2303 0.3095 0.0391 0.0210
60.0000 173.2969 1 80.0000 0.0000 2 0.0965 2.1304 0.2167 0.2846 0.0420 0.0127
60.0000 173.2969 1 80.0000 0.0000 2 0.0955 2.2704 0.2201 0.3185 0.0432 0.0173
60.0000 173.2969 1 80.0000 0.0000 2 0.1039 2.3040 0.2125 0.2837 0.0402 0.0106
60.0000 173.2969 1 80.0000 0.0000 2 0.0911 2.4130 0.2157 0.2929 0.0427 0.0102
60.0000 173.2969 1 80.0000 0.0000 2 0.1165 2.3708 0.2202 0.3289 0.0418 0.0146
60.0000 173.2969 1 80.0000 0.0000 2 0.0736 2.4607 0.2244 0.3044 0.0455 0.0196
60.0000 173.2969 1 80.0000 0.0000 2 0.0937 2.2744 0.2052 0.2900 0.0430 0.0148
60.0000 173.2969 1 80.0000 0.0000 2 0.0994 2.1739 0.1912 0.3197 0.0451 0.0093
60.0000 173.2969 1 80.0000 0.0000 2 0.1046 2.0672 0.2029 0.3347 0.0422 -0.0022
60.0000 173.2969 1 80.0000 0.0000 2 0.0876 2.2014 0.2149 0.3162 0.0373 0.0156
60.0000 173.2969 1 80.0000 0.0000 2 0.1015 2.1451 0.2097 0.2777 0.0470 0.0242
60.0000 173.2969 1 80.0000 0.0000 2 0.1076 2.4471 0.2071 0.2609 0.0395 0.0188
60.0000 173.2969 1 80.0000 0.0000 2 0.0918 2.2203 0.2192 0.3134 0.0487 0.0204
60.0000 173.2969 1 80.0000 0.0000 2 0.0973 2.2563 0.2006 0.3060 0.0448 0.0046
60.0000 173.2969 1 80.0000 0.0000 2 0.0987 2.1408 0.2143 0.2985 0.0476 0.0088
60.0000 173.2969 1 80.0000 0.0000 2 0.0915 2.0865 0.2064 0.3329 0.0421 0.0175
60.0000 173.2969 1 80.0000 0.0000 2 0.0888 2.2337 0.2176 0.3001 0.0363 0.0154
