60.0000 167.4466 1 80.0000 0.0000 2 0.1186 1.2772 0.3610 0.0295 0.0471 0.0238
60.0000 167.4466 1 80.0000 0.0000 2 0.1459 1.2974 0.3821 0.0758 0.0453 0.0615
60.0000 167.4466 1 80.0000 0.0000 2 0.1268 1.3117 0.3831 0.0617 0.0422 0.0478
60.0000 167.4466 1 80.0000 0.0000 2 0.1364 1.0516 0.3660 -0.0089 0.0414 0.0333
60.0000 167.4466 1 80.0000 0.0000 2 0.1380 1.1673 0.3603 0.0326 0.0398 0.0314
60.0000 167.4466 1 80.0000 0.0000 2 0.1296 1.4264 0.3580 -0.0031 0.0403 0.0470
60.0000 167.4466 1 80.0000 0.0000 2 0.1209 1.2792 0.3692 0.0712 0.0428 0.0236
60.0000 167.4466 1 80.0000 0.0000 2 0.1484 1.2117 0.3714 0.0936 0.0443 0.0568
60.0000 167.4466 1 80.0000 0.0000 2 0.1385 1.2960 0.3755 0.0177 0.0425 0.0353
60.0000 167.4466 1 80.0000 0.0000 2 0.1439 1.1903 0.3617 0.0206 0.0410 0.0347
60.0000 167.4466 1 80.0000 0.0000 2 0.1238 1.1585 0.3583 0.0157 0.0476 0.0309
60.0000 167.4466 1 80.0000 0.0000 2 0.1253 1.1319 0.3771 0.0233 0.0509 0.0229
60.0000 167.4466 1 80.0000 0.0000 2 0.1143 1.2338 0.3668 0.0795 0.0486 0.0416
60.0000 167.4466 1 80.0000 0.0000 2 0.1114 1.1991 0.3693 0.0437 0.0390 0.0305
60.0000 167.4466 1 80.0000 0.0000 2 0.1280 1.1850 0.3542 0.0597 0.0513 0.0189
60.0000 167.4466 1 80.0000 0.0000 2 0.1333 1.3462 0.3739 0.0504 0.0425 0.0177
60.0000 167.4466 1 80.0000 0.0000 2 0.1292 1.2853 0.3665 0.0095 0.0446 0.0459
60.0000 167.4466 1 80.0000 0.0000 2 0.1239 1.1499 0.3651 -0.0004 0.0380 0.0339
60.0000 167.4466 1 80.0000 0.0000 2 0.1315 1.2664 0.3570 0.0103 0.0366 0.0346
60.0000 167.4466 1 80.0000 0.0000 2 0.1217 1.3393 0.3718 0.0388 0.0484 0.0523
60.0000 167.4466 1 80.0000 0.0000 2 0.1255 1.2457 0.3556 0.0360 0.0437 0.0435
60.0000 167.4466 1 80.0000 0.0000 2 0.1422 1.2707 0.3509 0.0663 0.0527 0.0368
60.0000 167.4466 1 80.0000 0.0000 2 0.1355 1.2629 0.3491 -0.0323 0.0419 0.0396
60.0000 167.4466 1 80.0000 0.0000 2 0.1361 1.3608 0.3607 0.0352 0.0468 0.0405
60.0000 167.4466 1 80.0000 0.0000 2 0.1407 1.3159 0.3595 0.0494 0.0463 0.0427
60.0000 167.4466 1 80.0000 0.0000 2 0.1066 1.2508 0.3564 -0.0150 0.0401 0.0444
60.0000 167.4466 1 80.0000 0.0000 2 0.1347 1.0915 0.3861 0.0392 0.0429 0.0389
60.0000 167.4466 1 80.0000 0.0000 2 0.1164 1.2369 0.3518 0.0458 0.0417 0.0252
60.0000 167.4466 1 80.0000 0.0000 2 0.1202 1.4157 0.3775 0.0469 0.0433 0.0323
60.0000 167.4466 1 80.0000 0.0000 2 0.1392 1.2586 0.3404 0.0913 0.0494 0.0256
60.0000 167.4466 1 80.0000 0.0000 2 0.1430 1.1788 0.3460 0.0698 0.0450 0.0218
60.0000 167.4466 1 80.0000 0.0000 2 0.1451 1.2101 0.3637 0.0532 0.0370 0.0202
60.0000 167.4466 1 80.0000 0.0000 2 0.1225 1.3287 0.3794 0.0288 0.0439 0.0446
60.0000 167.4466 1 80.0000 0.0000 2 0.1282 1.3680 0.3531 0.1322 0.0458 0.0503
60.0000 167.4466 1 80.0000 0.0000 2 0.1309 1.1085 0.3704 0.0547 0.0407 0.0294
60.0000 167.4466 1 80.0000 0.0000 2 0.1399 1.2174 0.3722 0.0251 0.0461 0.0325
60.0000 167.4466 1 80.0000 0.0000 2 0.1322 1.3323 0.3676 0.0045 0.0455 0.0494
60.0000 167.4466 1 80.0000 0.0000 2 0.1552 1.2210 0.3684 -0.0361 0.0465 0.0298
60.0000 167.4466 1 80.0000 0.0000 2 0.1272 1.5011 0.3742 0.0413 0.0440 0.0276
60.0000 167.4466 1 80.0000 0.0000 2 0.1512 1.2914 0.3537 0.0058 0.0382 0.0362
60.0000 167.4466 1 80.0000 0.0000 2 0.1319 1.3845 0.3437 0.0559 0.0433 0.0419
60.0000 167.4466 1 80.0000 0.0000 2 0.1370 1.2279 0.3626 -0.0197 0.0409 0.0281
60.0000 167.4466 1 80.0000 0.0000 2 0.1471 1.3810 0.3630 0.0646 0.0324 0.0401
60.0000 167.4466 1 80.0000 0.0000 2 0.1339 1.2453 0.3587 0.0307 0.0481 0.0371
60.0000 167.4466 1 80.0000 0.0000 2 0.1590 1.4071 0.3549 0.0022 0.0452 0.0289
60.0000 167.4466 1 80.0000 0.0000 2 0.1410 1.3489 0.3481 0.0860 0.0503 0.0131
60.0000 167.4466 1 80.0000 0.0000 2 0.1169 1.1437 0.3647 0.0140 0.0472 0.0374
60.0000 167.4466 1 80.0000 0.0000 2 0.1494 1.3224 0.3642 0.0200 0.0391 0.0102
60.0000 167.4466 1 80.0000 0.0000 2 0.1343 1.3072 0.3494 0.0258 0.0447 0.0268
60.0000 167.4466 1 80.0000 0.0000 2 0.1303 1.1946 0.3385 -0.0094 0.0493 0.0381
