60.0000 172.7380 1 80.0000 0.0000 2 0.1195 2.6328 3.7014 0.0734 0.1836 0.0785
60.0000 172.7380 1 80.0000 0.0000 2 0.1031 2.5659 3.7651 0.0865 0.1696 0.0694
60.0000 172.7380 1 80.0000 0.0000 2 0.1226 2.5369 3.7516 0.0987 0.1600 0.0749
60.0000 172.7380 1 80.0000 0.0000 2 0.1089 2.5517 3.7941 0.0761 0.1453 0.0779
60.0000 172.7380 1 80.0000 0.0000 2 0.1385 2.6850 3.8119 0.0949 0.1688 0.0792
60.0000 172.7380 1 80.0000 0.0000 2 0.0927 2.5709 3.7289 0.0503 0.1611 0.0727
60.0000 172.7380 1 80.0000 0.0000 2 0.1366 2.5951 3.7252 0.0825 0.1620 0.0662
60.0000 172.7380 1 80.0000 0.0000 2 0.1068 2.6218 3.6334 0.0999 0.1729 0.0678
60.0000 172.7380 1 80.0000 0.0000 2 0.1158 2.5915 3.6591 0.0881 0.1443 0.0700
60.0000 172.7380 1 80.0000 0.0000 2 0.1129 2.6269 3.8738 0.0682 0.1648 0.0706
60.0000 172.7380 1 80.0000 0.0000 2 0.1109 2.7052 3.7604 0.1216 0.1627 0.0718
60.0000 172.7380 1 80.0000 0.0000 2 0.1048 2.5862 3.7697 0.0690 0.1540 0.0687
60.0000 172.7380 1 80.0000 0.0000 2 0.1183 2.5615 3.7173 0.0919 0.1699 0.0669
60.0000 172.7380 1 80.0000 0.0000 2 0.1138 2.5155 3.6174 0.1121 0.1605 0.0636
60.0000 172.7380 1 80.0000 0.0000 2 0.1323 2.5965 3.7751 0.0715 0.1532 0.0712
60.0000 172.7380 1 80.0000 0.0000 2 0.1294 2.6971 3.7896 0.0645 0.1505 0.0730
60.0000 172.7380 1 80.0000 0.0000 2 0.1086 2.6480 4.0496 0.1094 0.1786 0.0736
60.0000 172.7380 1 80.0000 0.0000 2 0.1198 2.6082 3.8570 0.0872 0.1569 0.0616
60.0000 172.7380 1 80.0000 0.0000 2 0.1171 2.6131 3.8219 0.0849 0.1651 0.0673
60.0000 172.7380 1 80.0000 0.0000 2 0.1144 2.6831 3.6082 0.1025 0.1614 0.0762
60.0000 172.7380 1 80.0000 0.0000 2 0.1075 2.6681 3.6509 0.0912 0.1674 0.0751
60.0000 172.7380 1 80.0000 0.0000 2 0.1123 2.6450 3.8816 0.0795 0.1596 0.0738
60.0000 172.7380 1 80.0000 0.0000 2 0.1164 2.4394 3.6794 0.1043 0.1593 0.0667
60.0000 172.7380 1 80.0000 0.0000 2 0.1179 2.6511 3.7995 0.0976 0.1767 0.0772
60.0000 172.7380 1 80.0000 0.0000 2 0.1013 2.6363 3.7337 0.0942 0.1565 0.0816
60.0000 172.7380 1 80.0000 0.0000 2 0.0993 2.6173 3.6941 0.0897 0.1745 0.0722
60.0000 172.7380 1 80.0000 0.0000 2 0.1261 2.8561 3.6389 0.0748 0.1672 0.0681
60.0000 172.7380 1 80.0000 0.0000 2 0.1350 2.5082 3.9043 0.0974 0.1518 0.0690
60.0000 172.7380 1 80.0000 0.0000 2 0.1116 2.6529 3.6850 0.1180 0.1543 0.0585
60.0000 172.7380 1 80.0000 0.0000 2 0.1218 2.5565 3.8309 0.0634 0.1486 0.0632
60.0000 172.7380 1 80.0000 0.0000 2 0.1211 2.6031 3.7125 0.0931 0.1713 0.0602
60.0000 172.7380 1 80.0000 0.0000 2 0.0905 2.6023 3.7540 0.1085 0.1679 0.0867
60.0000 172.7380 1 80.0000 0.0000 2 0.1282 2.5791 3.7056 0.0929 0.1659 0.0651
60.0000 172.7380 1 80.0000 0.0000 2 0.1103 2.7249 3.6904 0.1024 0.1663 0.0768
60.0000 172.7380 1 80.0000 0.0000 2 0.1246 2.7436 3.8134 0.1012 0.1527 0.0716
60.0000 172.7380 1 80.0000 0.0000 2 0.1147 2.4783 3.7653 0.0856 0.1553 0.0744
60.0000 172.7380 1 80.0000 0.0000 2 0.0976 2.5256 3.7213 0.0889 0.1626 0.0640
60.0000 172.7380 1 80.0000 0.0000 2 0.1061 2.6750 3.9281 0.0801 0.1587 0.0804
60.0000 172.7380 1 80.0000 0.0000 2 0.1229 2.7136 3.6708 0.1167 0.1561 0.0682
60.0000 172.7380 1 80.0000 0.0000 2 0.1237 2.6584 3.5462 0.0765 0.1636 0.0522
60.0000 172.7380 1 80.0000 0.0000 2 0.1312 2.6390 3.8388 0.1136 0.1583 0.0709
60.0000 172.7380 1 80.0000 0.0000 2 0.1098 2.6973 3.7398 0.1072 0.1685 0.0621
60.0000 172.7380 1 80.0000 0.0000 2 0.1033 2.5843 3.8034 0.0840 0.1710 0.0655
60.0000 172.7380 1 80.0000 0.0000 2 0.1258 2.6642 3.7837 0.1054 0.1641 0.0702
60.0000 172.7380 1 80.0000 0.0000 2 0.1467 2.5764 3.8511 0.1282 0.1720 0.0645
60.0000 172.7380 1 80.0000 0.0000 2 0.1276 2.6300 3.6687 0.0581 0.1778 0.0571
60.0000 172.7380 1 80.0000 0.0000 2 0.1300 2.6137 3.7826 0.0960 0.1631 0.0658
60.0000 172.7380 1 80.0000 0.0000 2 0.1159 2.5455 3.8354 0.0831 0.1578 0.0757
60.0000 172.7380 1 80.0000 0.0000 2 0.1202 2.5343 3.7444 0.0784 0.1656 0.0613
60.0000 172.7380 1 80.0000 0.0000 2 0.0972 2.6711 3.7434 0.0811 0.1735 0.0695
