60.0000 175.8197 1 80.0000 0.0000 2 0.0607 4.0682 0.2539 0.1869 0.0506 0.0150
60.0000 175.8197 1 80.0000 0.0000 2 0.0468 4.0696 0.2596 0.2304 0.0457 0.0035
60.0000 175.8197 1 80.0000 0.0000 2 0.0892 4.1064 0.2397 0.2255 0.0395 0.0140
60.0000 175.8197 1 80.0000 0.0000 2 0.1343 4.2943 0.2385 0.2355 0.0559 0.0069
60.0000 175.8197 1 80.0000 0.0000 2 0.1023 4.0754 0.2699 0.2383 0.0502 0.0112
60.0000 175.8197 1 80.0000 0.0000 2 0.0572 4.1855 0.2488 0.1960 0.0461 0.0164
60.0000 175.8197 1 80.0000 0.0000 2 0.1048 4.0210 0.2503 0.2075 0.0467 0.0046
60.0000 175.8197 1 80.0000 0.0000 2 0.0901 4.2098 0.2248 0.1435 0.0416 0.0143
60.0000 175.8197 1 80.0000 0.0000 2 0.0850 4.0870 0.2548 0.2291 0.0494 0.0247
60.0000 175.8197 1 80.0000 0.0000 2 0.1095 3.9300 0.2340 0.1582 0.0595 -0.0025
60.0000 175.8197 1 80.0000 0.0000 2 0.1184 4.2874 0.2448 0.1774 0.0469 0.0093
60.0000 175.8197 1 80.0000 0.0000 2 0.0968 4.0010 0.2434 0.1594 0.0577 0.0121
60.0000 175.8197 1 80.0000 0.0000 2 0.0504 4.1036 0.2406 0.2433 0.0448 0.0117
60.0000 175.8197 1 80.0000 0.0000 2 0.0806 4.0956 0.2361 0.2035 0.0387 0.0260
60.0000 175.8197 1 80.0000 0.0000 2 0.1072 3.9706 0.2309 0.1356 0.0570 0.0215
60.0000 175.8197 1 80.0000 0.0000 2 0.0928 4.0312 0.2511 0.3258 0.0423 0.0193
60.0000 175.8197 1 80.0000 0.0000 2 0.0723 4.2193 0.2606 0.1698 0.0486 0.0116
60.0000 175.8197 1 80.0000 0.0000 2 0.1079 4.2240 0.2520 0.3133 0.0452 0.0062
60.0000 175.8197 1 80.0000 0.0000 2 0.1711 4.0340 0.2586 0.1734 0.0554 0.0106
60.0000 175.8197 1 80.0000 0.0000 2 0.1253 4.0427 0.2493 0.2015 0.0463 0.0097
60.0000 175.8197 1 80.0000 0.0000 2 0.0994 3.9459 0.2727 0.2598 0.0549 0.0284
60.0000 175.8197 1 80.0000 0.0000 2 0.1377 3.9947 0.2617 0.1371 0.0538 0.0102
60.0000 175.8197 1 80.0000 0.0000 2 0.1284 4.0101 0.2560 0.2549 0.0479 0.0230
60.0000 175.8197 1 80.0000 0.0000 2 0.1209 4.0601 0.2577 0.1233 0.0328 0.0208
60.0000 175.8197 1 80.0000 0.0000 2 0.0950 4.1529 0.2839 0.1942 0.0448 0.0234
60.0000 175.8197 1 80.0000 0.0000 2 0.1358 3.9610 0.2285 0.1975 0.0410 -0.0005
60.0000 175.8197 1 80.0000 0.0000 2 0.0682 4.1264 0.2465 0.2141 0.0530 0.0320
60.0000 175.8197 1 80.0000 0.0000 2 0.1151 4.1981 0.2719 0.2975 0.0641 0.0079
60.0000 175.8197 1 80.0000 0.0000 2 0.0814 3.9811 0.2373 0.0809 0.0519 0.0167
60.0000 175.8197 1 80.0000 0.0000 2 0.1444 4.1805 0.2425 0.2169 0.0511 0.0044
60.0000 175.8197 1 80.0000 0.0000 2 0.0933 4.2561 0.2592 0.0857 0.0419 0.0088
60.0000 175.8197 1 80.0000 0.0000 2 0.0625 4.2444 0.2530 0.2831 0.0484 0.0161
60.0000 175.8197 1 80.0000 0.0000 2 0.1002 4.1599 0.2382 0.2672 0.0391 0.0139
60.0000 175.8197 1 80.0000 0.0000 2 0.1464 4.1704 0.2438 0.1530 0.0435 0.0224
60.0000 175.8197 1 80.0000 0.0000 2 0.1648 4.1571 0.2499 0.1488 0.0432 0.0203
60.0000 175.8197 1 80.0000 0.0000 2 0.0422 4.2393 0.2666 0.1814 0.0405 0.0177
60.0000 175.8197 1 80.0000 0.0000 2 0.1179 4.1765 0.2569 0.2474 0.0472 0.0083
60.0000 175.8197 1 80.0000 0.0000 2 0.1135 4.0539 0.2623 0.2494 0.0353 0.0059
60.0000 175.8197 1 80.0000 0.0000 2 0.0774 4.0474 0.2456 0.2612 0.0517 0.0124
60.0000 175.8197 1 80.0000 0.0000 2 0.1245 3.8672 0.2663 0.1832 0.0362 0.0017
60.0000 175.8197 1 80.0000 0.0000 2 0.1125 4.1134 0.2630 0.1717 0.0438 0.0188
60.0000 175.8197 1 80.0000 0.0000 2 0.1032 4.1324 0.2322 0.2725 0.0370 0.0173
60.0000 175.8197 1 80.0000 0.0000 2 0.1508 4.1952 0.2533 0.2097 0.0507 0.0196
60.0000 175.8197 1 80.0000 0.0000 2 0.0020 4.1005 0.2554 0.1049 0.0496 0.0155
60.0000 175.8197 1 80.0000 0.0000 2 0.0868 4.0798 0.2457 0.2211 0.0477 0.0025
60.0000 175.8197 1 80.0000 0.0000 2 0.0738 4.1382 0.2519 0.1900 0.0428 0.0152
60.0000 175.8197 1 80.0000 0.0000 2 0.0657 4.1448 0.2478 0.2190 0.0441 0.0134
60.0000 175.8197 1 80.0000 0.0000 2 0.1293 4.1167 0.2475 0.1219 0.0535 0.0179
60.0000 175.8197 1 80.0000 0.0000 2 0.0750 4.3616 0.2413 0.2922 0.0489 0.0076
60.0000 175.8197 1 80.0000 0.0000 2 0.0843 4.1289 0.2647 0.1652 0.0527 0.0131
