60.0000 159.0807 1 80.0000 0.0000 2 0.1537 1.8466 1.4695 0.0486 0.0799 0.0407
60.0000 159.0807 1 80.0000 0.0000 2 0.1585 1.8539 1.4631 0.0628 0.0562 -0.0155
60.0000 159.0807 1 80.0000 0.0000 2 0.1329 1.8090 1.5074 0.0465 0.0523 0.0456
60.0000 159.0807 1 80.0000 0.0000 2 0.1446 1.8773 1.4858 0.0488 0.1006 -0.0053
60.0000 159.0807 1 80.0000 0.0000 2 0.1375 1.7091 1.4837 0.0620 0.0638 0.0655
60.0000 159.0807 1 80.0000 0.0000 2 0.1256 2.0590 1.3490 0.0477 0.0705 0.0444
60.0000 159.0807 1 80.0000 0.0000 2 0.1344 1.9015 1.4003 0.0748 0.0584 0.0011
60.0000 159.0807 1 80.0000 0.0000 2 0.1284 1.7762 1.3925 0.0404 0.0929 0.0419
60.0000 159.0807 1 80.0000 0.0000 2 0.1402 1.8571 1.5368 0.0599 0.0181 0.0149
60.0000 159.0807 1 80.0000 0.0000 2 0.1696 1.9276 1.4274 0.0789 0.0289 0.0507
60.0000 159.0807 1 80.0000 0.0000 2 0.1424 1.9085 1.4149 0.0425 0.0885 0.0354
60.0000 159.0807 1 80.0000 0.0000 2 0.1603 1.9801 1.4525 0.0417 0.1119 0.0247
60.0000 159.0807 1 80.0000 0.0000 2 0.1431 1.8876 1.4344 0.0317 0.0653 0.0328
60.0000 159.0807 1 80.0000 0.0000 2 0.1440 1.8961 1.4986 0.0540 0.0576 0.0108
60.0000 159.0807 1 80.0000 0.0000 2 0.1318 1.8309 1.4234 0.0365 0.0767 0.0293
60.0000 159.0807 1 80.0000 0.0000 2 0.1369 1.8691 1.3761 0.0447 0.0046 0.0358
60.0000 159.0807 1 80.0000 0.0000 2 0.1491 1.9383 1.4932 0.0433 0.0454 0.0333
60.0000 159.0807 1 80.0000 0.0000 2 0.1485 1.8622 1.4241 0.0959 -0.0167 0.0243
60.0000 159.0807 1 80.0000 0.0000 2 0.1356 1.9540 1.4604 0.0588 0.0916 0.0437
60.0000 159.0807 1 80.0000 0.0000 2 0.1383 1.7625 1.4445 0.0284 0.0469 0.0271
60.0000 159.0807 1 80.0000 0.0000 2 0.1406 1.8267 1.4209 0.0538 0.0719 0.0174
60.0000 159.0807 1 80.0000 0.0000 2 0.1516 1.8807 1.4784 0.0716 0.0620 0.0576
60.0000 159.0807 1 80.0000 0.0000 2 0.1568 1.7388 1.4772 0.0654 0.0117 0.0689
60.0000 159.0807 1 80.0000 0.0000 2 0.1475 1.9298 1.4388 0.0519 0.1215 0.0307
60.0000 159.0807 1 80.0000 0.0000 2 0.1436 1.9466 1.4026 0.0392 0.0732 0.0147
60.0000 159.0807 1 80.0000 0.0000 2 0.1541 1.8510 1.4332 0.0528 0.0296 0.0479
60.0000 159.0807 1 80.0000 0.0000 2 0.1450 1.7919 1.4398 0.0730 0.0320 0.0392
60.0000 159.0807 1 80.0000 0.0000 2 0.1302 1.9971 1.4115 0.0596 0.0515 0.0192
60.0000 159.0807 1 80.0000 0.0000 2 0.1546 1.7567 1.4421 0.0501 0.0684 0.0212
60.0000 159.0807 1 80.0000 0.0000 2 0.1501 1.8135 1.4473 0.0577 0.0410 0.0233
60.0000 159.0807 1 80.0000 0.0000 2 0.1523 1.8929 1.4597 0.0291 0.0786 0.0607
60.0000 159.0807 1 80.0000 0.0000 2 0.1463 1.8000 1.4491 0.0568 0.1086 0.0367
60.0000 159.0807 1 80.0000 0.0000 2 0.1415 1.9438 1.5048 0.0875 0.0948 0.0087
60.0000 159.0807 1 80.0000 0.0000 2 0.1505 1.9217 1.4890 0.0614 0.0668 0.0427
60.0000 159.0807 1 80.0000 0.0000 2 0.1230 1.9107 1.4318 0.0644 0.0861 0.0489
60.0000 159.0807 1 80.0000 0.0000 2 0.1557 1.8372 1.4578 0.0666 0.0344 0.0224
60.0000 159.0807 1 80.0000 0.0000 2 0.1465 1.8648 1.4168 0.0549 0.0754 0.0122
60.0000 159.0807 1 80.0000 0.0000 2 0.1529 1.6966 1.4681 0.0639 0.0425 0.0100
60.0000 159.0807 1 80.0000 0.0000 2 0.1626 1.7853 1.4287 0.0456 0.1016 0.0555
60.0000 159.0807 1 80.0000 0.0000 2 0.1397 1.8882 1.4564 0.0379 0.0474 0.0386
60.0000 159.0807 1 80.0000 0.0000 2 0.1420 1.9619 1.3854 0.0829 0.0495 0.0302
60.0000 159.0807 1 80.0000 0.0000 2 0.1576 1.8736 1.4727 0.0706 0.0837 0.0523
60.0000 159.0807 1 80.0000 0.0000 2 0.1364 1.8419 1.4371 0.0512 0.0384 0.0038
60.0000 159.0807 1 80.0000 0.0000 2 0.1633 1.8317 1.4089 0.0339 0.0255 0.0201
60.0000 159.0807 1 80.0000 0.0000 2 0.1290 1.9694 1.4069 0.0558 0.0824 0.0339
60.0000 159.0807 1 80.0000 0.0000 2 0.1335 1.8225 1.4742 0.0678 0.0222 0.0262
60.0000 159.0807 1 80.0000 0.0000 2 0.1478 1.7836 1.4653 0.0218 0.0547 0.0167
60.0000 159.0807 1 80.0000 0.0000 2 0.1455 1.9160 1.4539 0.0166 0.0370 0.0276
60.0000 159.0807 1 80.0000 0.0000 2 0.1391 1.8078 1.4468 0.0698 0.0604 0.0057
60.0000 159.0807 1 80.0000 0.0000 2 0.1494 2.0246 1.5142 0.0776 0.0618 0.0311
