60.0000 158.6850 1 80.0000 0.0000 2 0.1857 1.1864 2.4836 0.0789 0.0566 0.0738
60.0000 158.6850 1 80.0000 0.0000 2 0.2032 1.3118 2.4189 0.1183 0.0691 0.0450
60.0000 158.6850 1 80.0000 0.0000 2 0.2146 1.2668 2.3206 0.1057 0.0714 0.0564
60.0000 158.6850 1 80.0000 0.0000 2 0.2002 1.1918 2.3407 0.0961 0.0720 0.0792
60.0000 158.6850 1 80.0000 0.0000 2 0.2164 1.2035 2.3741 0.1153 0.0634 0.0603
60.0000 158.6850 1 80.0000 0.0000 2 0.2102 1.2397 2.4479 0.1052 0.0695 0.0727
60.0000 158.6850 1 80.0000 0.0000 2 0.2325 1.2192 2.3798 0.1312 0.0803 0.0806
60.0000 158.6850 1 80.0000 0.0000 2 0.2010 1.1080 2.4701 0.1254 0.0676 0.0618
60.0000 158.6850 1 80.0000 0.0000 2 0.2124 1.1957 2.3815 0.1209 0.0639 0.0502
60.0000 158.6850 1 80.0000 0.0000 2 0.2104 1.1159 2.3549 0.0980 0.0823 0.0419
60.0000 158.6850 1 80.0000 0.0000 2 0.2120 1.1798 2.3595 0.0997 0.0607 0.0588
60.0000 158.6850 1 80.0000 0.0000 2 0.2455 1.2732 2.4015 0.1194 0.0684 0.0625
60.0000 158.6850 1 80.0000 0.0000 2 0.2014 1.1040 2.4324 0.0684 0.0616 0.0708
60.0000 158.6850 1 80.0000 0.0000 2 0.2199 1.2844 2.4270 0.0862 0.0698 0.0657
60.0000 158.6850 1 80.0000 0.0000 2 0.2162 1.1942 2.3723 0.1243 0.0729 0.0702
60.0000 158.6850 1 80.0000 0.0000 2 0.2139 1.2296 2.2597 0.1286 0.0531 0.0639
60.0000 158.6850 1 80.0000 0.0000 2 0.1964 1.1271 2.3125 0.0895 0.0707 0.0696
60.0000 158.6850 1 80.0000 0.0000 2 0.2302 1.2419 2.4151 0.1169 0.0768 0.0630
60.0000 158.6850 1 80.0000 0.0000 2 0.1981 1.1420 2.4061 0.0903 0.0681 0.0643
60.0000 158.6850 1 80.0000 0.0000 2 0.2314 1.0355 2.3861 0.1040 0.0664 0.0905
60.0000 158.6850 1 80.0000 0.0000 2 0.2266 1.1845 2.3632 0.0972 0.0652 0.0663
60.0000 158.6850 1 80.0000 0.0000 2 0.2110 1.2627 2.4234 0.1087 0.0647 0.0649
60.0000 158.6850 1 80.0000 0.0000 2 0.2181 1.2108 2.3922 0.1472 0.0843 0.0686
60.0000 158.6850 1 80.0000 0.0000 2 0.2064 1.1733 2.3708 0.1028 0.0764 0.0669
60.0000 158.6850 1 80.0000 0.0000 2 0.1882 1.0784 2.2998 0.1035 0.0734 0.0846
60.0000 158.6850 1 80.0000 0.0000 2 0.2192 1.1541 2.2770 0.0942 0.0674 0.0575
60.0000 158.6850 1 80.0000 0.0000 2 0.2044 1.1567 2.3562 0.0967 0.0724 0.0678
60.0000 158.6850 1 80.0000 0.0000 2 0.2030 1.2554 2.3185 0.1005 0.0659 0.0731
60.0000 158.6850 1 80.0000 0.0000 2 0.1933 1.2272 2.3247 0.0818 0.0668 0.0595
60.0000 158.6850 1 80.0000 0.0000 2 0.2204 1.1628 2.3337 0.1124 0.0740 0.0767
60.0000 158.6850 1 80.0000 0.0000 2 0.2089 1.2087 2.3389 0.1105 0.0593 0.0542
60.0000 158.6850 1 80.0000 0.0000 2 0.2171 1.3492 2.3471 0.1092 0.0758 0.0777
60.0000 158.6850 1 80.0000 0.0000 2 0.1950 1.0690 2.3672 0.0914 0.0786 0.0529
60.0000 158.6850 1 80.0000 0.0000 2 0.2219 1.1503 2.4585 0.1132 0.0709 0.0685
60.0000 158.6850 1 80.0000 0.0000 2 0.2074 1.1770 2.3768 0.1232 0.0873 0.0548
60.0000 158.6850 1 80.0000 0.0000 2 0.2154 1.2979 2.3438 0.1068 0.0703 0.0477
60.0000 158.6850 1 80.0000 0.0000 2 0.1988 1.2352 2.4376 0.1076 0.0751 0.0751
60.0000 158.6850 1 80.0000 0.0000 2 0.1682 1.1365 2.2926 0.1112 0.0686 0.0757
60.0000 158.6850 1 80.0000 0.0000 2 0.2224 1.1334 2.3063 0.1137 0.0781 0.0462
60.0000 158.6850 1 80.0000 0.0000 2 0.2061 1.2233 2.4007 0.1015 0.0589 0.0336
60.0000 158.6850 1 80.0000 0.0000 2 0.2405 1.2486 2.3905 0.0926 0.0795 0.0880
60.0000 158.6850 1 80.0000 0.0000 2 0.2054 1.2129 2.3280 0.0885 0.0806 0.0578
60.0000 158.6850 1 80.0000 0.0000 2 0.2082 1.1438 2.3868 0.0856 0.0655 0.0801
60.0000 158.6850 1 80.0000 0.0000 2 0.1914 1.1657 2.4105 0.0755 0.0773 0.0558
60.0000 158.6850 1 80.0000 0.0000 2 0.1894 1.2510 2.3493 0.1346 0.0746 0.0610
60.0000 158.6850 1 80.0000 0.0000 2 0.2252 1.3215 2.3297 0.0989 0.0716 0.0523
60.0000 158.6850 1 80.0000 0.0000 2 0.2362 1.0901 2.3517 0.0833 0.0736 0.0719
60.0000 158.6850 1 80.0000 0.0000 2 0.2259 1.1200 2.3971 0.1157 0.0629 0.0511
60.0000 158.6850 1 80.0000 0.0000 2 0.2234 1.1696 2.2892 0.0747 0.0620 0.0615
60.0000 158.6850 1 80.0000 0.0000 2 0.2284 1.1995 2.3627 0.0951 0.0743 0.0822
