60.0000 169.0297 1 80.0000 0.0000 2 0.1560 0.7875 0.2549 0.0116 0.1669 -0.3154
60.0000 169.0297 1 80.0000 0.0000 2 0.1575 0.4818 0.2354 -0.0279 -0.0390 0.2949
60.0000 169.0297 1 80.0000 0.0000 2 0.1188 0.4642 0.2451 0.0622 -0.0342 -0.1943
60.0000 169.0297 1 80.0000 0.0000 2 0.1557 0.6692 0.2276 0.0977 0.2188 -0.0554
60.0000 169.0297 1 80.0000 0.0000 2 0.1325 0.6461 0.2304 0.0208 0.0128 -0.1582
60.0000 169.0297 1 80.0000 0.0000 2 0.1612 0.6290 0.2441 -0.0389 -0.0975 0.2104
60.0000 169.0297 1 80.0000 0.0000 2 0.1408 0.5387 0.2264 0.0145 -0.0092 0.0071
60.0000 169.0297 1 80.0000 0.0000 2 0.1521 0.4979 0.2210 0.0819 0.0702 0.0329
60.0000 169.0297 1 80.0000 0.0000 2 0.1631 0.4864 0.2234 -0.0110 -0.0774 0.3972
60.0000 169.0297 1 80.0000 0.0000 2 0.1262 0.5955 0.2369 -0.0211 -0.1600 -0.0203
60.0000 169.0297 1 80.0000 0.0000 2 0.1752 0.4532 0.2280 0.0591 0.0877 -0.0052
60.0000 169.0297 1 80.0000 0.0000 2 0.1545 0.7616 0.2377 0.0031 0.0654 0.1927
60.0000 169.0297 1 80.0000 0.0000 2 0.1840 0.7070 0.2423 0.0492 0.1350 0.2437
60.0000 169.0297 1 80.0000 0.0000 2 0.1436 0.6790 0.1942 0.0533 0.1756 -0.2163
60.0000 169.0297 1 80.0000 0.0000 2 0.1450 0.6516 0.2181 0.0431 0.0330 -0.3632
60.0000 169.0297 1 80.0000 0.0000 2 0.1405 0.6608 0.2362 0.0003 -0.1309 0.1331
60.0000 169.0297 1 80.0000 0.0000 2 0.1940 0.5763 0.2386 0.0269 0.0541 -0.4274
60.0000 169.0297 1 80.0000 0.0000 2 0.1047 0.5334 0.2398 0.0305 -0.0212 0.3511
60.0000 169.0297 1 80.0000 0.0000 2 0.1370 0.7392 0.2144 0.0284 0.0840 0.0465
60.0000 169.0297 1 80.0000 0.0000 2 0.1489 0.5613 0.2411 0.0103 0.0406 -0.0235
60.0000 169.0297 1 80.0000 0.0000 2 0.1219 0.5528 0.2253 0.1104 0.0436 -0.1011
60.0000 169.0297 1 80.0000 0.0000 2 0.1591 0.5855 0.2334 -0.0096 0.1568 -0.2220
60.0000 169.0297 1 80.0000 0.0000 2 0.1688 0.7199 0.2227 0.0656 0.1127 0.0736
60.0000 169.0297 1 80.0000 0.0000 2 0.2252 0.5800 0.2112 0.0413 0.0282 -0.0732
60.0000 169.0297 1 80.0000 0.0000 2 0.1295 0.7034 0.2378 0.0172 -0.0237 0.0967
60.0000 169.0297 1 80.0000 0.0000 2 0.1465 0.6366 0.2292 -0.0482 0.0204 0.3830
60.0000 169.0297 1 80.0000 0.0000 2 0.1656 0.5682 0.2479 0.0214 0.1205 0.1896
60.0000 169.0297 1 80.0000 0.0000 2 0.0953 0.6217 0.2527 -0.0070 -0.2295 -0.2960
60.0000 169.0297 1 80.0000 0.0000 2 0.1318 0.5604 0.2300 -0.0507 -0.0504 0.1438
60.0000 169.0297 1 80.0000 0.0000 2 0.1641 0.6563 0.2221 0.0502 0.0753 0.4948
60.0000 169.0297 1 80.0000 0.0000 2 0.1348 0.6042 0.2256 -0.0238 0.1400 0.6401
60.0000 169.0297 1 80.0000 0.0000 2 0.1786 0.6092 0.2202 0.0150 0.1255 -0.2528
60.0000 169.0297 1 80.0000 0.0000 2 0.1135 0.7355 0.2432 -0.0130 -0.0901 -0.1318
60.0000 169.0297 1 80.0000 0.0000 2 0.1718 0.6004 0.2493 0.0327 0.1512 0.1592
60.0000 169.0297 1 80.0000 0.0000 2 0.1510 0.5020 0.2190 -0.0719 0.1890 0.1120
60.0000 169.0297 1 80.0000 0.0000 2 0.1674 0.8837 0.2312 -0.0028 -0.0560 0.2746
60.0000 169.0297 1 80.0000 0.0000 2 0.1162 0.4111 0.2167 -0.0162 -0.0145 0.0873
60.0000 169.0297 1 80.0000 0.0000 2 0.1391 0.5928 0.2328 0.0749 0.0955 0.2276
60.0000 169.0297 1 80.0000 0.0000 2 0.1815 0.5180 0.2126 0.0231 0.0030 0.1745
60.0000 169.0297 1 80.0000 0.0000 2 0.1726 0.3447 0.2340 -0.0015 -0.0003 0.3211
60.0000 169.0297 1 80.0000 0.0000 2 0.1254 0.6881 0.2403 -0.0673 0.0586 0.0250
60.0000 169.0297 1 80.0000 0.0000 2 0.1277 0.4243 0.2073 0.0051 0.2598 -0.0483
60.0000 169.0297 1 80.0000 0.0000 2 0.0987 0.6927 0.2456 -0.0411 0.1027 0.0613
60.0000 169.0297 1 80.0000 0.0000 2 0.1355 0.6185 0.2346 0.0727 0.0193 -0.1156
60.0000 169.0297 1 80.0000 0.0000 2 0.1867 0.5298 0.2244 0.0444 -0.0679 -0.1715
60.0000 169.0297 1 80.0000 0.0000 2 0.1482 0.6323 0.2319 -0.0200 0.2038 0.2618
60.0000 169.0297 1 80.0000 0.0000 2 0.1496 0.5456 0.2289 -0.0342 0.3131 -0.4776
60.0000 169.0297 1 80.0000 0.0000 2 0.1114 0.7673 0.2473 0.0359 -0.1183 -0.0890
60.0000 169.0297 1 80.0000 0.0000 2 0.1235 0.5113 0.2638 0.0072 0.1082 0.4237
60.0000 169.0297 1 80.0000 0.0000 2 0.1431 0.6733 0.2567 0.0373 0.0492 0.5057
