60.0000 172.2089 1 80.0000 0.0000 2 0.1195 1.8064 1.7018 0.1567 0.1272 -0.0191
60.0000 172.2089 1 80.0000 0.0000 2 0.1285 1.8805 1.6613 0.1848 0.0788 0.0632
60.0000 172.2089 1 80.0000 0.0000 2 0.1319 1.8429 1.6894 0.1596 0.0461 0.0279
60.0000 172.2089 1 80.0000 0.0000 2 0.1214 1.9317 1.7281 0.1536 0.1048 0.0329
60.0000 172.2089 1 80.0000 0.0000 2 0.1067 1.7423 1.6471 0.1136 0.0550 0.0559
60.0000 172.2089 1 80.0000 0.0000 2 0.1180 1.8285 1.6520 0.1339 0.1229 0.0426
60.0000 172.2089 1 80.0000 0.0000 2 0.1267 1.7508 1.6492 0.1360 0.0202 0.0650
60.0000 172.2089 1 80.0000 0.0000 2 0.1226 1.6998 1.6233 0.1428 0.0921 0.0048
60.0000 172.2089 1 80.0000 0.0000 2 0.1274 1.6590 1.7075 0.1958 0.0963 0.0311
60.0000 172.2089 1 80.0000 0.0000 2 0.1140 1.9513 1.6081 0.1754 0.1370 0.0546
60.0000 172.2089 1 80.0000 0.0000 2 0.1115 1.8978 1.6977 0.1250 0.0815 0.0382
60.0000 172.2089 1 80.0000 0.0000 2 0.1129 1.7125 1.6222 0.1664 0.0593 0.0142
60.0000 172.2089 1 80.0000 0.0000 2 0.0967 1.8458 1.6855 0.1672 0.1011 0.0568
60.0000 172.2089 1 80.0000 0.0000 2 0.1313 1.8580 1.6033 0.1057 0.1054 0.0581
60.0000 172.2089 1 80.0000 0.0000 2 0.1341 1.9736 1.6917 0.0616 0.1109 0.0325
60.0000 172.2089 1 80.0000 0.0000 2 0.1255 1.7949 1.6844 0.1314 0.0653 0.0750
60.0000 172.2089 1 80.0000 0.0000 2 0.1295 1.9107 1.7120 0.1476 0.1074 0.0686
60.0000 172.2089 1 80.0000 0.0000 2 0.1418 1.8861 1.6400 0.1784 0.1189 0.0364
60.0000 172.2089 1 80.0000 0.0000 2 0.1202 1.9395 1.6326 0.1363 0.0993 0.0490
60.0000 172.2089 1 80.0000 0.0000 2 0.1372 2.0443 1.6269 0.1185 0.1028 0.0672
60.0000 172.2089 1 80.0000 0.0000 2 0.1333 1.7244 1.6126 0.1160 0.1157 0.0539
60.0000 172.2089 1 80.0000 0.0000 2 0.1126 1.8334 1.6694 0.1629 0.0880 0.0423
60.0000 172.2089 1 80.0000 0.0000 2 0.1092 1.7996 1.6371 0.1089 0.0936 0.0473
60.0000 172.2089 1 80.0000 0.0000 2 0.1233 1.9834 1.6798 0.1385 0.0857 0.0406
60.0000 172.2089 1 80.0000 0.0000 2 0.1260 1.7807 1.8585 0.0958 0.1137 0.0289
60.0000 172.2089 1 80.0000 0.0000 2 0.1355 1.8672 1.7735 0.1712 0.0643 0.0243
60.0000 172.2089 1 80.0000 0.0000 2 0.1228 1.8950 1.6031 0.1483 0.1086 0.0374
60.0000 172.2089 1 80.0000 0.0000 2 0.1244 1.8745 1.5552 0.0848 0.1253 0.0620
60.0000 172.2089 1 80.0000 0.0000 2 0.1162 1.7857 1.7528 0.1578 0.0710 0.0043
60.0000 172.2089 1 80.0000 0.0000 2 0.1163 1.9064 1.6645 0.1287 0.0729 0.0259
60.0000 172.2089 1 80.0000 0.0000 2 0.1297 1.7752 1.5652 0.1000 0.1431 0.0117
60.0000 172.2089 1 80.0000 0.0000 2 0.1029 1.8564 1.6668 0.1532 0.0839 0.0443
60.0000 172.2089 1 80.0000 0.0000 2 0.1189 1.8772 1.6354 0.1504 0.1310 0.0183
60.0000 172.2089 1 80.0000 0.0000 2 0.1100 1.7545 1.7216 0.1394 0.1545 0.0226
60.0000 172.2089 1 80.0000 0.0000 2 0.1070 1.6977 1.5903 0.0750 0.1227 0.0399
60.0000 172.2089 1 80.0000 0.0000 2 0.1185 1.8143 1.5932 0.1464 0.0942 0.0696
60.0000 172.2089 1 80.0000 0.0000 2 0.1208 1.7612 1.7165 0.0994 0.0751 0.0339
60.0000 172.2089 1 80.0000 0.0000 2 0.1276 1.8496 1.6187 0.1243 0.1318 0.0824
60.0000 172.2089 1 80.0000 0.0000 2 0.1001 1.7675 1.6579 0.1125 0.1454 0.0898
60.0000 172.2089 1 80.0000 0.0000 2 0.1376 1.8032 1.6778 0.0929 0.0689 0.0732
60.0000 172.2089 1 80.0000 0.0000 2 0.1486 1.8187 1.7530 0.1174 0.1125 0.0450
60.0000 172.2089 1 80.0000 0.0000 2 0.1148 1.7356 1.5725 0.1407 0.0866 0.0156
60.0000 172.2089 1 80.0000 0.0000 2 0.1246 1.9237 1.6454 0.1223 0.1173 0.0459
60.0000 172.2089 1 80.0000 0.0000 2 0.1155 1.6080 1.7349 0.1327 0.0999 0.0521
60.0000 172.2089 1 80.0000 0.0000 2 0.1307 1.8617 1.6740 0.1446 0.1207 0.0217
60.0000 172.2089 1 80.0000 0.0000 2 0.1055 1.9173 1.7436 0.1028 0.1382 0.0603
60.0000 172.2089 1 80.0000 0.0000 2 0.1394 1.8393 1.5857 0.1272 0.0893 0.1017
60.0000 172.2089 1 80.0000 0.0000 2 0.1103 1.8243 1.5303 0.1098 0.0808 0.0801
60.0000 172.2089 1 80.0000 0.0000 2 0.1173 1.7867 1.6983 0.1202 0.1779 0.0517
60.0000 172.2089 1 80.0000 0.0000 2 0.1216 1.8100 1.6555 0.1293 0.0979 0.0503
