60.0000 177.1541 1 80.0000 0.0000 2 0.1814 3.7597 0.3955 0.1030 0.0980 0.0379
60.0000 177.1541 1 80.0000 0.0000 2 0.1421 3.9643 0.4038 0.1126 0.0930 0.0497
60.0000 177.1541 1 80.0000 0.0000 2 0.1644 3.9557 0.3732 0.0990 0.0772 0.0456
60.0000 177.1541 1 80.0000 0.0000 2 0.1433 4.0883 0.3915 0.0828 0.0675 0.0526
60.0000 177.1541 1 80.0000 0.0000 2 0.1540 4.0760 0.3768 0.1292 0.0736 0.0330
60.0000 177.1541 1 80.0000 0.0000 2 0.1386 4.0128 0.3823 0.1755 0.0785 0.0184
60.0000 177.1541 1 80.0000 0.0000 2 0.1533 3.9586 0.4184 0.1422 0.0618 0.0450
60.0000 177.1541 1 80.0000 0.0000 2 0.1458 3.9795 0.4047 0.2262 0.0917 0.0297
60.0000 177.1541 1 80.0000 0.0000 2 0.1479 3.9350 0.4141 0.1437 0.0985 0.0598
60.0000 177.1541 1 80.0000 0.0000 2 0.1615 3.9713 0.3938 0.1544 0.0837 0.0727
60.0000 177.1541 1 80.0000 0.0000 2 0.1488 4.1173 0.4060 0.1562 0.0949 0.0681
60.0000 177.1541 1 80.0000 0.0000 2 0.1252 4.0286 0.4076 0.1524 0.0732 0.0424
60.0000 177.1541 1 80.0000 0.0000 2 0.1384 3.8290 0.4019 0.1155 0.0511 0.0520
60.0000 177.1541 1 80.0000 0.0000 2 0.1372 4.0104 0.3684 0.1253 0.0801 0.0135
60.0000 177.1541 1 80.0000 0.0000 2 0.1456 3.9288 0.4094 0.0903 0.0722 0.0250
60.0000 177.1541 1 80.0000 0.0000 2 0.1155 3.9442 0.3998 0.1283 0.0634 0.0557
60.0000 177.1541 1 80.0000 0.0000 2 0.1080 4.0665 0.3988 0.1311 0.0880 0.0568
60.0000 177.1541 1 80.0000 0.0000 2 0.1146 3.9208 0.4179 0.1169 0.0890 0.0391
60.0000 177.1541 1 80.0000 0.0000 2 0.1634 3.9405 0.3950 0.1413 0.0900 0.0420
60.0000 177.1541 1 80.0000 0.0000 2 0.1412 4.0267 0.4283 0.1389 0.0555 0.0365
60.0000 177.1541 1 80.0000 0.0000 2 0.1230 3.8795 0.4368 0.0941 0.1027 0.0303
60.0000 177.1541 1 80.0000 0.0000 2 0.1331 4.0679 0.3779 0.1360 0.0819 0.0224
60.0000 177.1541 1 80.0000 0.0000 2 0.1520 4.1036 0.4248 0.1226 0.0849 0.0500
60.0000 177.1541 1 80.0000 0.0000 2 0.1397 4.0061 0.4099 0.1495 0.1040 0.0349
60.0000 177.1541 1 80.0000 0.0000 2 0.1571 3.9190 0.4010 0.1203 0.0687 0.0409
60.0000 177.1541 1 80.0000 0.0000 2 0.1315 3.9006 0.4207 0.1470 0.0681 0.0412
60.0000 177.1541 1 80.0000 0.0000 2 0.1283 3.9957 0.4320 0.0669 0.0869 0.0656
60.0000 177.1541 1 80.0000 0.0000 2 0.1760 4.0345 0.4057 0.1718 0.0698 0.0115
60.0000 177.1541 1 80.0000 0.0000 2 0.1510 4.0021 0.3808 0.1351 0.0763 0.0541
60.0000 177.1541 1 80.0000 0.0000 2 0.1304 4.0942 0.4226 0.1615 0.0710 0.0319
60.0000 177.1541 1 80.0000 0.0000 2 0.1602 3.8007 0.3926 0.1868 0.0513 0.0475
60.0000 177.1541 1 80.0000 0.0000 2 0.1216 3.9841 0.3890 0.0710 0.0876 0.0384
60.0000 177.1541 1 80.0000 0.0000 2 0.1589 4.1549 0.3444 0.1074 0.0962 0.0630
60.0000 177.1541 1 80.0000 0.0000 2 0.1724 3.9911 0.3909 0.1762 0.0765 0.0353
60.0000 177.1541 1 80.0000 0.0000 2 0.1324 4.1385 0.3851 0.1584 0.0582 0.0276
60.0000 177.1541 1 80.0000 0.0000 2 0.1192 3.9054 0.4026 0.1655 0.0600 0.0343
60.0000 177.1541 1 80.0000 0.0000 2 0.1470 4.0587 0.3831 0.1633 0.0806 0.0221
60.0000 177.1541 1 80.0000 0.0000 2 0.1442 3.9845 0.3893 0.0986 0.1200 0.0442
60.0000 177.1541 1 80.0000 0.0000 2 0.1254 4.0540 0.4528 0.1098 0.0653 0.0371
60.0000 177.1541 1 80.0000 0.0000 2 0.1548 4.0452 0.4155 0.0852 0.0662 0.0286
60.0000 177.1541 1 80.0000 0.0000 2 0.1363 3.8647 0.3869 0.2119 0.0847 0.0310
60.0000 177.1541 1 80.0000 0.0000 2 0.0941 4.1735 0.4118 0.1988 0.0793 0.0592
60.0000 177.1541 1 80.0000 0.0000 2 0.1343 3.8443 0.3860 0.1223 0.0754 0.0400
60.0000 177.1541 1 80.0000 0.0000 2 0.1503 3.9116 0.4146 0.1802 0.0747 0.0435
60.0000 177.1541 1 80.0000 0.0000 2 0.1268 3.9660 0.4270 0.1478 0.0862 0.0509
60.0000 177.1541 1 80.0000 0.0000 2 0.1693 4.0170 0.3970 0.1695 0.0785 0.0255
60.0000 177.1541 1 80.0000 0.0000 2 0.1430 3.9510 0.3692 0.1338 0.0832 0.0488
60.0000 177.1541 1 80.0000 0.0000 2 0.1563 3.8752 0.3983 0.0575 0.0825 0.0472
60.0000 177.1541 1 80.0000 0.0000 2 0.1664 4.0411 0.4122 0.1928 0.0712 0.0461
60.0000 177.1541 1 80.0000 0.0000 2 0.1353 3.8889 0.4081 0.1049 0.0907 0.0549
