60.0000 167.3959 1 80.0000 0.0000 2 0.0895 2.8434 0.3059 0.0722 0.0466 0.0148
60.0000 167.3959 1 80.0000 0.0000 2 0.1016 2.9492 0.3136 0.0579 0.0480 0.0100
60.0000 167.3959 1 80.0000 0.0000 2 0.0991 2.9972 0.3179 0.0955 0.0432 0.0126
60.0000 167.3959 1 80.0000 0.0000 2 0.0955 2.9369 0.3547 0.0534 0.0445 0.0099
60.0000 167.3959 1 80.0000 0.0000 2 0.0952 2.8978 0.3513 0.0586 0.0455 0.0187
60.0000 167.3959 1 80.0000 0.0000 2 0.0998 2.9893 0.3233 0.0334 0.0473 0.0108
60.0000 167.3959 1 80.0000 0.0000 2 0.0995 2.8930 0.3308 0.0551 0.0490 0.0173
60.0000 167.3959 1 80.0000 0.0000 2 0.1053 2.9117 0.3428 0.1059 0.0495 0.0184
60.0000 167.3959 1 80.0000 0.0000 2 0.1006 2.9689 0.3346 0.0597 0.0541 0.0159
60.0000 167.3959 1 80.0000 0.0000 2 0.0979 2.8792 0.3222 0.0675 0.0465 0.0144
60.0000 167.3959 1 80.0000 0.0000 2 0.0983 2.9648 0.3476 0.0707 0.0393 0.0162
60.0000 167.3959 1 80.0000 0.0000 2 0.0960 2.9265 0.3310 0.0667 0.0483 0.0179
60.0000 167.3959 1 80.0000 0.0000 2 0.0936 2.8562 0.3175 0.0310 0.0515 0.0154
60.0000 167.3959 1 80.0000 0.0000 2 0.1047 3.0204 0.3110 0.0746 0.0488 0.0141
60.0000 167.3959 1 80.0000 0.0000 2 0.1013 3.0142 0.2928 0.0625 0.0457 0.0190
60.0000 167.3959 1 80.0000 0.0000 2 0.1003 2.8702 0.3336 0.0435 0.0450 0.0117
60.0000 167.3959 1 80.0000 0.0000 2 0.0993 2.9159 0.3087 0.0639 0.0477 0.0129
60.0000 167.3959 1 80.0000 0.0000 2 0.1057 2.8519 0.3387 0.0887 0.0504 0.0136
60.0000 167.3959 1 80.0000 0.0000 2 0.0920 2.7878 0.2996 0.0940 0.0496 0.0162
60.0000 167.3959 1 80.0000 0.0000 2 0.1157 2.9006 0.3372 0.0836 0.0509 0.0196
60.0000 167.3959 1 80.0000 0.0000 2 0.0971 2.9925 0.3246 0.0791 0.0474 0.0149
60.0000 167.3959 1 80.0000 0.0000 2 0.1024 2.9448 0.3283 0.0368 0.0452 0.0088
60.0000 167.3959 1 80.0000 0.0000 2 0.1009 2.9221 0.3262 0.0225 0.0459 0.0167
60.0000 167.3959 1 80.0000 0.0000 2 0.1030 3.0519 0.3068 0.0817 0.0525 0.0164
60.0000 167.3959 1 80.0000 0.0000 2 0.1020 2.7720 0.3757 0.0566 0.0463 0.0216
60.0000 167.3959 1 80.0000 0.0000 2 0.1033 2.7275 0.3398 0.0922 0.0431 0.0122
60.0000 167.3959 1 80.0000 0.0000 2 0.0938 3.1105 0.3639 0.0474 0.0501 0.0200
60.0000 167.3959 1 80.0000 0.0000 2 0.0989 2.9307 0.3364 0.0643 0.0467 0.0113
60.0000 167.3959 1 80.0000 0.0000 2 0.1029 3.0393 0.3201 0.0851 0.0457 0.0177
60.0000 167.3959 1 80.0000 0.0000 2 0.1065 2.8216 0.2811 0.0765 0.0460 0.0077
60.0000 167.3959 1 80.0000 0.0000 2 0.0964 2.9065 0.3497 0.0654 0.0437 0.0231
60.0000 167.3959 1 80.0000 0.0000 2 0.1050 2.8098 0.3159 0.0801 0.0475 0.0208
60.0000 167.3959 1 80.0000 0.0000 2 0.0947 2.9844 0.2985 0.0904 0.0408 0.0153
60.0000 167.3959 1 80.0000 0.0000 2 0.0961 2.9761 0.3279 0.0453 0.0469 0.0145
60.0000 167.3959 1 80.0000 0.0000 2 0.1000 2.8873 0.3633 0.0701 0.0438 0.0131
60.0000 167.3959 1 80.0000 0.0000 2 0.0945 2.8721 0.3140 0.0756 0.0485 0.0141
60.0000 167.3959 1 80.0000 0.0000 2 0.1027 3.0069 0.3319 0.0772 0.0499 0.0151
60.0000 167.3959 1 80.0000 0.0000 2 0.1074 2.9571 0.3455 0.1081 0.0441 0.0181
60.0000 167.3959 1 80.0000 0.0000 2 0.1040 3.0280 0.3294 0.1209 0.0483 0.0110
60.0000 167.3959 1 80.0000 0.0000 2 0.0969 2.8343 0.3414 0.0491 0.0471 0.0106
60.0000 167.3959 1 80.0000 0.0000 2 0.0976 2.9545 0.3193 0.1014 0.0425 0.0132
60.0000 167.3959 1 80.0000 0.0000 2 0.0986 2.9061 0.3360 0.0967 0.0508 0.0139
60.0000 167.3959 1 80.0000 0.0000 2 0.0975 3.0780 0.3431 0.0527 0.0447 0.0118
60.0000 167.3959 1 80.0000 0.0000 2 0.0931 2.8403 0.3464 0.0864 0.0517 0.0125
60.0000 167.3959 1 80.0000 0.0000 2 0.1015 2.9750 0.3525 0.0738 0.0492 0.0094
60.0000 167.3959 1 80.0000 0.0000 2 0.0982 2.9398 0.3593 0.0406 0.0529 0.0168
60.0000 167.3959 1 80.0000 0.0000 2 0.1007 2.7985 0.3255 0.0692 0.0449 0.0060
60.0000 167.3959 1 80.0000 0.0000 2 0.1041 2.8615 0.3112 0.0825 0.0419 0.0156
60.0000 167.3959 1 80.0000 0.0000 2 0.1080 2.9321 0.3218 0.0619 0.0487 0.0171
60.0000 167.3959 1 80.0000 0.0000 2 0.0906 2.8843 0.3033 0.0507 0.0478 0.0134
