60.0000 172.8817 1 80.0000 0.0000 2 0.1527 1.5762 1.0994 0.0572 0.0682 0.0326
60.0000 172.8817 1 80.0000 0.0000 2 0.1271 1.4292 1.1057 0.1157 0.0807 0.0314
60.0000 172.8817 1 80.0000 0.0000 2 0.1367 1.3639 1.0740 0.0938 0.0735 0.0264
60.0000 172.8817 1 80.0000 0.0000 2 0.1479 1.3674 1.1169 0.1365 0.0641 0.0354
60.0000 172.8817 1 80.0000 0.0000 2 0.1494 1.5498 1.0803 0.1785 0.0611 0.0226
60.0000 172.8817 1 80.0000 0.0000 2 0.1203 1.5377 1.1305 0.1888 0.0774 0.0169
60.0000 172.8817 1 80.0000 0.0000 2 0.1311 1.3310 1.0664 0.1290 0.0710 0.0409
60.0000 172.8817 1 80.0000 0.0000 2 0.1501 1.1569 1.0921 0.1663 0.0642 0.0289
60.0000 172.8817 1 80.0000 0.0000 2 0.1600 1.7240 1.0890 0.1508 0.0908 0.0282
60.0000 172.8817 1 80.0000 0.0000 2 0.1344 1.2201 1.0772 0.1209 0.0617 0.0273
60.0000 172.8817 1 80.0000 0.0000 2 0.1333 1.3908 1.0843 0.1438 0.0626 0.0302
60.0000 172.8817 1 80.0000 0.0000 2 0.1484 1.4460 1.0637 0.1468 0.0621 0.0390
60.0000 172.8817 1 80.0000 0.0000 2 0.1668 1.4583 1.0373 0.1552 0.0695 0.0190
60.0000 172.8817 1 80.0000 0.0000 2 0.1513 1.3737 1.0721 0.0842 0.0662 0.0255
60.0000 172.8817 1 80.0000 0.0000 2 0.1447 1.6991 1.1158 0.1249 0.0690 0.0331
60.0000 172.8817 1 80.0000 0.0000 2 0.1437 1.5231 1.0517 0.1322 0.0652 0.0499
60.0000 172.8817 1 80.0000 0.0000 2 0.1571 1.6008 1.1382 0.1643 0.0726 0.0348
60.0000 172.8817 1 80.0000 0.0000 2 0.1280 1.3060 1.0309 0.1238 0.0821 0.0370
60.0000 172.8817 1 80.0000 0.0000 2 0.1540 1.4117 1.0483 0.1035 0.0661 0.0309
60.0000 172.8817 1 80.0000 0.0000 2 0.1374 1.4812 1.0828 0.1101 0.0667 0.0343
60.0000 172.8817 1 80.0000 0.0000 2 0.1721 1.3531 1.0944 0.1780 0.0688 0.0407
60.0000 172.8817 1 80.0000 0.0000 2 0.1386 1.6533 1.0455 0.1964 0.0593 0.0359
60.0000 172.8817 1 80.0000 0.0000 2 0.1425 1.2897 1.0018 0.1726 0.0722 0.0395
60.0000 172.8817 1 80.0000 0.0000 2 0.1487 1.3416 1.0676 0.1381 0.0856 0.0418
60.0000 172.8817 1 80.0000 0.0000 2 0.1696 1.2009 1.1572 0.1622 0.0759 0.0436
60.0000 172.8817 1 80.0000 0.0000 2 0.1415 1.4985 1.0236 0.1187 0.0607 0.0241
60.0000 172.8817 1 80.0000 0.0000 2 0.1587 1.2708 1.1011 0.2040 0.0676 0.0424
60.0000 172.8817 1 80.0000 0.0000 2 0.1573 1.3001 1.1229 0.1177 0.0579 0.0304
60.0000 172.8817 1 80.0000 0.0000 2 0.1605 1.4646 1.0868 0.0997 0.0567 0.0374
60.0000 172.8817 1 80.0000 0.0000 2 0.1561 1.5217 1.0214 0.1314 0.0744 0.0318
60.0000 172.8817 1 80.0000 0.0000 2 0.1584 1.5743 0.9935 0.1278 0.0715 0.0444
60.0000 172.8817 1 80.0000 0.0000 2 0.1520 1.3361 1.1100 0.1442 0.0783 0.0380
60.0000 172.8817 1 80.0000 0.0000 2 0.1408 1.2645 1.0704 0.0900 0.0731 0.0342
60.0000 172.8817 1 80.0000 0.0000 2 0.1638 1.4816 1.0312 0.1352 0.0537 0.0483
60.0000 172.8817 1 80.0000 0.0000 2 0.1462 1.6352 1.0155 0.1579 0.0766 0.0399
60.0000 172.8817 1 80.0000 0.0000 2 0.1629 1.5116 1.1090 0.1736 0.0561 0.0474
60.0000 172.8817 1 80.0000 0.0000 2 0.1656 1.4951 1.0555 0.1898 0.0703 0.0208
60.0000 172.8817 1 80.0000 0.0000 2 0.1352 1.4314 1.0117 0.2157 0.0503 0.0278
60.0000 172.8817 1 80.0000 0.0000 2 0.1510 1.3171 1.1549 0.0741 0.0530 0.0388
60.0000 172.8817 1 80.0000 0.0000 2 0.1456 1.4711 1.1262 0.1528 0.0752 0.0466
60.0000 172.8817 1 80.0000 0.0000 2 0.1449 1.3819 1.0620 0.1409 0.0442 0.0430
60.0000 172.8817 1 80.0000 0.0000 2 0.1678 1.6065 1.0907 0.0983 0.0647 0.0293
60.0000 172.8817 1 80.0000 0.0000 2 0.1473 1.0124 1.0532 0.1400 0.0746 0.0335
60.0000 172.8817 1 80.0000 0.0000 2 0.1548 1.4163 1.0764 0.1134 0.0791 0.0382
60.0000 172.8817 1 80.0000 0.0000 2 0.1551 1.3956 1.0416 0.1695 0.0634 0.0456
60.0000 172.8817 1 80.0000 0.0000 2 0.1618 1.2473 1.0597 0.1078 0.0595 0.0365
60.0000 172.8817 1 80.0000 0.0000 2 0.1832 1.4414 1.0585 0.1478 0.0672 0.0521
60.0000 172.8817 1 80.0000 0.0000 2 0.1397 1.5619 1.0471 0.1593 0.0831 0.0360
60.0000 172.8817 1 80.0000 0.0000 2 0.1430 1.2284 1.0375 0.1533 0.0701 0.0328
60.0000 172.8817 1 80.0000 0.0000 2 0.1536 1.4059 1.0972 0.1829 0.0586 0.0251
