60.0000 169.3614 1 80.0000 0.0000 2 0.1963 2.6143 1.4650 0.1867 0.1362 -0.2063
60.0000 169.3614 1 80.0000 0.0000 2 0.1902 2.5313 1.8035 0.1794 0.1522 0.3937
60.0000 169.3614 1 80.0000 0.0000 2 0.1848 2.6011 1.7508 0.1884 0.0781 0.0472
60.0000 169.3614 1 80.0000 0.0000 2 0.2005 2.6240 1.6262 0.1916 0.1968 0.2131
60.0000 169.3614 1 80.0000 0.0000 2 0.2048 2.5947 1.6142 0.1805 -0.2346 0.2443
60.0000 169.3614 1 80.0000 0.0000 2 0.1971 2.6384 1.5261 0.1985 -0.0334 0.0796
60.0000 169.3614 1 80.0000 0.0000 2 0.1614 2.5911 1.8301 0.1977 -0.1674 -0.1120
60.0000 169.3614 1 80.0000 0.0000 2 0.2134 2.5745 1.5366 0.1928 -0.2502 -0.1701
60.0000 169.3614 1 80.0000 0.0000 2 0.1919 2.6250 1.5492 0.1860 0.0182 0.0721
60.0000 169.3614 1 80.0000 0.0000 2 0.1978 2.6491 1.4966 0.1994 0.2799 0.0421
60.0000 169.3614 1 80.0000 0.0000 2 0.2063 2.4965 1.2267 0.1970 0.0104 0.0132
60.0000 169.3614 1 80.0000 0.0000 2 0.1914 2.6311 1.8449 0.1836 -0.0591 -0.1461
60.0000 169.3614 1 80.0000 0.0000 2 0.1875 2.5983 1.9504 0.1879 -0.0121 -0.0174
60.0000 169.3614 1 80.0000 0.0000 2 0.2045 2.5867 1.4517 0.1927 0.3008 -0.0839
60.0000 169.3614 1 80.0000 0.0000 2 0.1823 2.6529 1.5639 0.1813 0.2381 0.2899
60.0000 169.3614 1 80.0000 0.0000 2 0.1962 2.6047 1.7904 0.1827 0.1903 0.1928
60.0000 169.3614 1 80.0000 0.0000 2 0.1991 2.6427 2.0467 0.1966 0.0699 -0.0008
60.0000 169.3614 1 80.0000 0.0000 2 0.1941 2.6064 1.2141 0.1906 0.1775 0.0988
60.0000 169.3614 1 80.0000 0.0000 2 0.1954 2.5684 1.6820 0.2030 0.0918 0.0585
60.0000 169.3614 1 80.0000 0.0000 2 0.1995 2.5668 1.6535 0.2127 0.2072 0.2275
60.0000 169.3614 1 80.0000 0.0000 2 0.1944 2.5525 1.7681 0.1784 -0.0867 -0.0737
60.0000 169.3614 1 80.0000 0.0000 2 0.1863 2.6106 1.9990 0.1956 0.3883 0.1619
60.0000 169.3614 1 80.0000 0.0000 2 0.1768 2.6446 1.7127 0.2080 0.0291 0.0873
60.0000 169.3614 1 80.0000 0.0000 2 0.1908 2.5040 1.7151 0.1767 -0.0549 -0.0955
60.0000 169.3614 1 80.0000 0.0000 2 0.1949 2.5829 1.6652 0.2069 0.1169 -0.0454
60.0000 169.3614 1 80.0000 0.0000 2 0.1983 2.5537 1.6697 0.2059 0.0869 0.1254
60.0000 169.3614 1 80.0000 0.0000 2 0.1931 2.6941 1.7335 0.2038 -0.0046 0.1572
60.0000 169.3614 1 80.0000 0.0000 2 0.1797 2.7295 2.1928 0.1901 0.1702 0.1161
60.0000 169.3614 1 80.0000 0.0000 2 0.1809 2.7004 1.5827 0.1843 0.1305 0.2044
60.0000 169.3614 1 80.0000 0.0000 2 0.1854 2.6686 1.3280 0.2153 0.2429 -0.1418
60.0000 169.3614 1 80.0000 0.0000 2 0.1926 2.6608 2.1302 0.1897 -0.1118 0.1103
60.0000 169.3614 1 80.0000 0.0000 2 0.2000 2.6775 1.3903 0.1992 0.2620 0.3272
60.0000 169.3614 1 80.0000 0.0000 2 0.1896 2.7160 1.6408 0.2017 -0.0209 0.0227
60.0000 169.3614 1 80.0000 0.0000 2 0.1866 2.6825 1.4345 0.1715 0.1075 -0.3319
60.0000 169.3614 1 80.0000 0.0000 2 0.1890 2.5449 1.5995 0.1936 0.0431 -0.0296
60.0000 169.3614 1 80.0000 0.0000 2 0.2070 2.6336 1.4887 0.1755 0.2266 -0.1279
60.0000 169.3614 1 80.0000 0.0000 2 0.2038 2.5620 1.9063 0.2107 -0.0395 0.1352
60.0000 169.3614 1 80.0000 0.0000 2 0.1905 2.6570 1.5554 0.2047 0.1036 0.2756
60.0000 169.3614 1 80.0000 0.0000 2 0.2100 2.6715 1.4352 0.1950 0.4405 0.1477
60.0000 169.3614 1 80.0000 0.0000 2 0.2014 2.6846 1.3785 0.2007 -0.1237 0.1812
60.0000 169.3614 1 80.0000 0.0000 2 0.2080 2.5775 1.4075 0.1955 -0.1049 0.2524
60.0000 169.3614 1 80.0000 0.0000 2 0.2021 2.4662 1.3506 0.1833 0.1465 0.4147
60.0000 169.3614 1 80.0000 0.0000 2 0.1840 2.7080 1.6979 0.1917 -0.0698 -0.0248
60.0000 169.3614 1 80.0000 0.0000 2 0.2010 2.6186 1.8516 0.1854 0.0262 0.0312
60.0000 169.3614 1 80.0000 0.0000 2 0.1885 2.5252 1.5882 0.2010 0.1585 0.0601
60.0000 169.3614 1 80.0000 0.0000 2 0.2118 2.5402 1.9336 0.1736 0.3437 -0.0470
60.0000 169.3614 1 80.0000 0.0000 2 0.1975 2.7511 1.3064 0.1940 -0.1619 -0.2457
60.0000 169.3614 1 80.0000 0.0000 2 0.2032 2.4824 1.8719 0.1892 0.0501 0.0068
60.0000 169.3614 1 80.0000 0.0000 2 0.1937 2.5170 1.7598 0.1871 0.0565 -0.2418
60.0000 169.3614 1 80.0000 0.0000 2 0.2172 2.8349 1.5108 0.1680 0.0607 -0.0587
