60.0000 170.0524 1 80.0000 0.0000 2 0.1451 0.5171 0.2048 0.0139 -0.0604 0.1339
60.0000 170.0524 1 80.0000 0.0000 2 0.1131 0.4441 0.2176 0.1964 -0.1177 0.1063
60.0000 170.0524 1 80.0000 0.0000 2 0.0995 0.4101 0.2116 0.1490 -0.1938 0.0747
60.0000 170.0524 1 80.0000 0.0000 2 0.1585 0.3833 0.2102 0.0271 0.0837 0.3081
60.0000 170.0524 1 80.0000 0.0000 2 0.1365 0.3360 0.2084 0.1103 -0.0693 0.0872
60.0000 170.0524 1 80.0000 0.0000 2 0.1219 0.3676 0.2061 -0.0113 0.1120 0.1356
60.0000 170.0524 1 80.0000 0.0000 2 0.1249 0.4267 0.2092 0.0744 0.1686 -0.0581
60.0000 170.0524 1 80.0000 0.0000 2 0.1273 0.5026 0.2113 0.0308 0.0079 -0.0185
60.0000 170.0524 1 80.0000 0.0000 2 0.1540 0.6161 0.1979 0.1148 0.0626 0.0251
60.0000 170.0524 1 80.0000 0.0000 2 0.1336 0.3455 0.2161 -0.0676 0.1219 -0.0543
60.0000 170.0524 1 80.0000 0.0000 2 0.1186 0.5285 0.2022 0.0970 -0.0970 0.3841
60.0000 170.0524 1 80.0000 0.0000 2 0.1562 0.3757 0.2136 0.0320 -0.1568 0.2590
60.0000 170.0524 1 80.0000 0.0000 2 0.1356 0.4609 0.2164 -0.0224 -0.0371 0.3545
60.0000 170.0524 1 80.0000 0.0000 2 0.1750 0.2895 0.2277 0.1218 0.0193 0.1971
60.0000 170.0524 1 80.0000 0.0000 2 0.1439 0.4753 0.1970 0.0697 0.1754 0.1020
60.0000 170.0524 1 80.0000 0.0000 2 0.1804 0.5611 0.1964 0.0234 -0.0782 0.1754
60.0000 170.0524 1 80.0000 0.0000 2 0.1346 0.1446 0.2081 0.0937 -0.0036 -0.4061
60.0000 170.0524 1 80.0000 0.0000 2 0.1121 0.3593 0.2121 -0.0471 -0.0212 -0.0253
60.0000 170.0524 1 80.0000 0.0000 2 0.1378 0.4070 0.2182 0.0892 0.0270 0.0099
60.0000 170.0524 1 80.0000 0.0000 2 0.0961 0.5672 0.2016 0.0203 0.1825 -0.0129
60.0000 170.0524 1 80.0000 0.0000 2 0.1197 0.4545 0.2145 0.0690 0.1404 0.0573
60.0000 170.0524 1 80.0000 0.0000 2 0.1403 0.5842 0.2063 0.0456 0.0761 0.2049
60.0000 170.0524 1 80.0000 0.0000 2 0.1161 0.4321 0.2152 0.1023 0.0433 0.1581
60.0000 170.0524 1 80.0000 0.0000 2 0.1671 0.4965 0.2198 0.0548 0.1055 -0.0965
60.0000 170.0524 1 80.0000 0.0000 2 0.1466 0.5372 0.2027 0.0601 0.1008 -0.1915
60.0000 170.0524 1 80.0000 0.0000 2 0.1230 0.4920 0.2104 0.0632 -0.0102 0.1513
60.0000 170.0524 1 80.0000 0.0000 2 0.1567 0.4697 0.2209 0.0861 -0.1085 0.5068
60.0000 170.0524 1 80.0000 0.0000 2 0.1768 0.5245 0.1996 0.0804 0.0908 0.1201
60.0000 170.0524 1 80.0000 0.0000 2 0.1619 0.4148 0.1951 -0.0065 0.2328 -0.1597
60.0000 170.0524 1 80.0000 0.0000 2 0.1428 0.5406 0.1789 0.0079 0.2831 0.0051
60.0000 170.0524 1 80.0000 0.0000 2 0.2028 0.3207 0.2067 -0.0375 0.0616 0.1890
60.0000 170.0524 1 80.0000 0.0000 2 0.1502 0.6320 0.2234 0.0399 0.0548 0.2795
60.0000 170.0524 1 80.0000 0.0000 2 0.1687 0.6844 0.2002 0.0393 0.0399 -0.2190
60.0000 170.0524 1 80.0000 0.0000 2 0.1716 0.4842 0.2126 0.0344 0.2192 -0.1288
60.0000 170.0524 1 80.0000 0.0000 2 0.1288 0.5818 0.2335 0.0125 -0.0555 -0.1999
60.0000 170.0524 1 80.0000 0.0000 2 0.1522 0.5982 0.1985 0.0663 0.0474 0.0798
60.0000 170.0524 1 80.0000 0.0000 2 0.1257 0.2470 0.2142 -0.0137 0.1490 0.0358
60.0000 170.0524 1 80.0000 0.0000 2 0.1072 0.3588 0.2245 0.0169 0.1165 0.2351
60.0000 170.0524 1 80.0000 0.0000 2 0.0652 0.3037 0.1899 -0.1056 0.0249 -0.0796
60.0000 170.0524 1 80.0000 0.0000 2 0.1605 0.4867 0.2189 0.0053 0.0876 -0.0402
60.0000 170.0524 1 80.0000 0.0000 2 0.1419 0.5085 0.2007 -0.0192 -0.0298 0.0509
60.0000 170.0524 1 80.0000 0.0000 2 0.1537 0.3175 0.2043 0.0781 0.0706 -0.2515
60.0000 170.0524 1 80.0000 0.0000 2 0.1882 0.5489 0.2217 0.0024 0.1544 0.0414
60.0000 170.0524 1 80.0000 0.0000 2 0.1484 0.3995 0.2097 -0.0014 -0.0008 -0.1439
60.0000 170.0524 1 80.0000 0.0000 2 0.1320 0.4512 0.2035 0.0522 -0.0438 0.2838
60.0000 170.0524 1 80.0000 0.0000 2 0.1491 0.4235 0.2256 -0.0530 0.0134 -0.0849
60.0000 170.0524 1 80.0000 0.0000 2 0.1304 0.6564 0.1910 -0.0287 0.1338 -0.3029
60.0000 170.0524 1 80.0000 0.0000 2 0.1393 0.4661 0.1936 0.0502 0.1991 -0.1100
60.0000 170.0524 1 80.0000 0.0000 2 0.1044 0.4396 0.2055 0.1287 0.0309 0.2193
60.0000 170.0524 1 80.0000 0.0000 2 0.1643 0.3926 0.2073 0.0448 -0.0229 0.4363
