60.0000 175.4154 1 80.0000 0.0000 2 0.1057 4.2691 0.2303 0.3234 0.0437 0.0216
60.0000 175.4154 1 80.0000 0.0000 2 0.0485 4.0530 0.2200 0.3618 0.0479 0.0099
60.0000 175.4154 1 80.0000 0.0000 2 0.1119 4.1343 0.2352 0.1577 0.0476 0.0045
60.0000 175.4154 1 80.0000 0.0000 2 0.0241 3.9472 0.2211 0.1747 0.0570 0.0159
60.0000 175.4154 1 80.0000 0.0000 2 0.0800 4.0233 0.2364 0.2764 0.0386 0.0184
60.0000 175.4154 1 80.0000 0.0000 2 0.1162 4.0392 0.2498 0.1990 0.0472 0.0128
60.0000 175.4154 1 80.0000 0.0000 2 0.0705 4.1021 0.2359 0.1549 0.0451 0.0094
60.0000 175.4154 1 80.0000 0.0000 2 0.1078 4.1263 0.2265 0.2576 0.0489 -0.0062
60.0000 175.4154 1 80.0000 0.0000 2 0.1127 4.1186 0.2420 0.1431 0.0451 0.0151
60.0000 175.4154 1 80.0000 0.0000 2 0.1277 4.0184 0.2219 0.2224 0.0492 0.0075
60.0000 175.4154 1 80.0000 0.0000 2 0.0628 4.2223 0.2338 0.2140 0.0443 0.0016
60.0000 175.4154 1 80.0000 0.0000 2 0.0939 4.0948 0.2259 0.1922 0.0430 0.0125
60.0000 175.4154 1 80.0000 0.0000 2 0.0778 4.0853 0.2394 0.2609 0.0377 0.0188
60.0000 175.4154 1 80.0000 0.0000 2 0.1419 3.9669 0.2309 0.1959 0.0462 0.0037
60.0000 175.4154 1 80.0000 0.0000 2 0.0863 4.0560 0.2430 0.1867 0.0483 0.0102
60.0000 175.4154 1 80.0000 0.0000 2 0.0763 4.1677 0.2277 0.3036 0.0432 0.0048
60.0000 175.4154 1 80.0000 0.0000 2 0.0801 4.1538 0.2322 0.0894 0.0427 0.0123
60.0000 175.4154 1 80.0000 0.0000 2 0.1376 3.9900 0.2348 0.2470 0.0530 0.0140
60.0000 175.4154 1 80.0000 0.0000 2 0.1479 3.9768 0.2457 0.2643 0.0443 0.0164
60.0000 175.4154 1 80.0000 0.0000 2 0.0872 4.1382 0.2506 0.1342 0.0387 0.0061
60.0000 175.4154 1 80.0000 0.0000 2 0.1201 4.0668 0.2272 0.2121 0.0396 0.0117
60.0000 175.4154 1 80.0000 0.0000 2 0.1145 4.1902 0.2388 0.1690 0.0292 0.0086
60.0000 175.4154 1 80.0000 0.0000 2 0.0709 4.1039 0.2078 0.2258 0.0418 -0.0006
60.0000 175.4154 1 80.0000 0.0000 2 0.0593 4.0642 0.2333 0.1233 0.0466 0.0229
60.0000 175.4154 1 80.0000 0.0000 2 0.0927 3.8841 0.2465 0.2052 0.0477 0.0178
60.0000 175.4154 1 80.0000 0.0000 2 0.1045 4.0737 0.2411 0.2216 0.0351 0.0132
60.0000 175.4154 1 80.0000 0.0000 2 0.0982 4.1421 0.2287 0.2440 0.0548 0.0032
60.0000 175.4154 1 80.0000 0.0000 2 0.0744 4.1205 0.2247 0.2512 0.0414 0.0092
60.0000 175.4154 1 80.0000 0.0000 2 0.0836 4.1936 0.2302 0.1913 0.0504 0.0118
60.0000 175.4154 1 80.0000 0.0000 2 0.1692 4.3767 0.2400 0.1623 0.0541 0.0066
60.0000 175.4154 1 80.0000 0.0000 2 0.1207 4.2010 0.2153 0.1122 0.0555 0.0069
60.0000 175.4154 1 80.0000 0.0000 2 0.0296 4.1104 0.2555 0.2494 0.0459 0.0144
60.0000 175.4154 1 80.0000 0.0000 2 0.1583 4.2257 0.2329 0.2368 0.0423 0.0111
60.0000 175.4154 1 80.0000 0.0000 2 0.1243 3.9951 0.2409 0.1784 0.0514 0.0289
60.0000 175.4154 1 80.0000 0.0000 2 0.0885 3.8915 0.2177 0.2753 0.0520 0.0202
60.0000 175.4154 1 80.0000 0.0000 2 0.1340 4.0123 0.2093 0.2090 0.0486 0.0057
60.0000 175.4154 1 80.0000 0.0000 2 0.0959 4.0904 0.2168 0.2672 0.0446 0.0081
60.0000 175.4154 1 80.0000 0.0000 2 0.1029 3.9327 0.2235 0.2990 0.0407 0.0079
60.0000 175.4154 1 80.0000 0.0000 2 0.0562 4.0008 0.2291 0.2295 0.0404 0.0149
60.0000 175.4154 1 80.0000 0.0000 2 0.0965 4.1504 0.2372 0.2828 0.0411 0.0024
60.0000 175.4154 1 80.0000 0.0000 2 0.0832 4.2366 0.2280 0.2407 0.0362 0.0196
60.0000 175.4154 1 80.0000 0.0000 2 0.0665 4.0321 0.2442 0.1838 0.0508 0.0105
60.0000 175.4154 1 80.0000 0.0000 2 0.0534 4.1602 0.2118 0.1737 0.0436 0.0156
60.0000 175.4154 1 80.0000 0.0000 2 0.1090 4.1755 0.2227 0.2908 0.0470 0.0138
60.0000 175.4154 1 80.0000 0.0000 2 0.1284 4.1788 0.2657 0.2170 0.0455 0.0109
60.0000 175.4154 1 80.0000 0.0000 2 0.0388 4.2081 0.2242 0.1494 0.0401 0.0002
60.0000 175.4154 1 80.0000 0.0000 2 0.1007 4.0441 0.2194 0.2042 0.0465 0.0172
60.0000 175.4154 1 80.0000 0.0000 2 0.0465 4.0816 0.2377 0.0969 0.0498 0.0248
60.0000 175.4154 1 80.0000 0.0000 2 0.0912 4.2619 0.2479 0.2318 0.0524 0.0169
60.0000 175.4154 1 80.0000 0.0000 2 0.0651 4.2944 0.2319 0.3133 0.0502 0.0213
