60.0000 174.3626 1 80.0000 0.0000 2 0.1226 1.7036 0.9417 0.2101 0.0136 0.0094
60.0000 174.3626 1 80.0000 0.0000 2 0.1143 1.6959 0.9785 0.1583 0.1627 0.0220
60.0000 174.3626 1 80.0000 0.0000 2 0.1150 1.6432 0.9096 0.2053 0.0551 -0.0181
60.0000 174.3626 1 80.0000 0.0000 2 0.1272 1.5920 0.9901 0.1666 0.0891 0.0017
60.0000 174.3626 1 80.0000 0.0000 2 0.1414 1.5770 0.9369 0.1774 0.1047 0.1075
60.0000 174.3626 1 80.0000 0.0000 2 0.1210 1.8101 0.9762 0.0998 0.1501 0.0103
60.0000 174.3626 1 80.0000 0.0000 2 0.1360 1.6442 0.9534 0.1608 0.0754 0.0619
60.0000 174.3626 1 80.0000 0.0000 2 0.1000 1.6839 0.9302 0.2271 0.0812 0.1637
60.0000 174.3626 1 80.0000 0.0000 2 0.1448 1.6225 0.9933 0.1966 -0.1265 0.1253
60.0000 174.3626 1 80.0000 0.0000 2 0.1162 1.4738 0.9352 0.1931 -0.0073 0.1138
60.0000 174.3626 1 80.0000 0.0000 2 0.1160 1.5882 0.9007 0.1816 0.0838 0.0158
60.0000 174.3626 1 80.0000 0.0000 2 0.1333 1.6945 0.9260 0.2360 0.1269 -0.0341
60.0000 174.3626 1 80.0000 0.0000 2 0.1176 1.6782 0.9582 0.1797 0.1165 0.0045
60.0000 174.3626 1 80.0000 0.0000 2 0.1256 1.5550 1.0180 0.2068 0.1240 0.0974
60.0000 174.3626 1 80.0000 0.0000 2 0.1199 1.5431 0.9690 0.2608 0.1461 0.0411
60.0000 174.3626 1 80.0000 0.0000 2 0.0949 1.7345 0.9231 0.1226 0.0366 0.0509
60.0000 174.3626 1 80.0000 0.0000 2 0.1094 1.6543 0.9170 0.1847 0.1690 0.0349
60.0000 174.3626 1 80.0000 0.0000 2 0.1344 1.5053 0.9146 0.1775 0.1612 0.0879
60.0000 174.3626 1 80.0000 0.0000 2 0.1368 1.6366 0.9606 0.1277 0.1939 0.0744
60.0000 174.3626 1 80.0000 0.0000 2 0.1285 1.3924 0.9382 0.1650 0.0063 0.1018
60.0000 174.3626 1 80.0000 0.0000 2 0.1241 1.6003 0.9702 0.1555 0.2086 0.0386
60.0000 174.3626 1 80.0000 0.0000 2 0.1193 1.6659 0.9432 0.1884 0.0304 0.1237
60.0000 174.3626 1 80.0000 0.0000 2 0.1065 1.5570 0.8478 0.1981 0.0603 -0.0931
60.0000 174.3626 1 80.0000 0.0000 2 0.1052 1.6063 0.9274 0.2258 0.0255 0.0546
60.0000 174.3626 1 80.0000 0.0000 2 0.1249 1.6191 0.9190 0.1622 0.1209 0.0263
60.0000 174.3626 1 80.0000 0.0000 2 0.1316 1.6309 0.8895 0.1509 0.1725 0.0576
60.0000 174.3626 1 80.0000 0.0000 2 0.1127 1.5273 0.9401 0.1865 0.0664 0.0797
60.0000 174.3626 1 80.0000 0.0000 2 0.1391 1.6864 0.9010 0.1955 0.2473 -0.0096
60.0000 174.3626 1 80.0000 0.0000 2 0.1085 1.6269 1.0631 0.2226 0.1984 0.0913
60.0000 174.3626 1 80.0000 0.0000 2 0.1173 1.6600 0.9489 0.2013 -0.0309 0.0481
60.0000 174.3626 1 80.0000 0.0000 2 0.1296 1.5810 1.0071 0.2118 0.1825 0.0173
60.0000 174.3626 1 80.0000 0.0000 2 0.1441 1.7759 0.9721 0.2190 0.1570 0.0767
60.0000 174.3626 1 80.0000 0.0000 2 0.1112 1.5335 0.9479 0.1713 0.0498 0.0650
60.0000 174.3626 1 80.0000 0.0000 2 0.1240 1.6630 0.9622 0.1404 0.1853 0.1050
60.0000 174.3626 1 80.0000 0.0000 2 0.0969 1.8346 0.9864 0.2416 0.1119 0.0845
60.0000 174.3626 1 80.0000 0.0000 2 0.1306 1.5728 0.9976 0.1742 0.1012 0.1365
60.0000 174.3626 1 80.0000 0.0000 2 0.1322 1.7479 0.9223 0.1377 0.2762 0.0473
60.0000 174.3626 1 80.0000 0.0000 2 0.1262 1.7608 0.9114 0.1730 0.2236 0.0666
60.0000 174.3626 1 80.0000 0.0000 2 0.1137 1.6154 0.9056 0.2147 0.0729 0.0885
60.0000 174.3626 1 80.0000 0.0000 2 0.1228 1.7441 0.8818 0.1920 0.0562 0.0362
60.0000 174.3626 1 80.0000 0.0000 2 0.1280 1.4879 0.8952 0.1551 0.1001 0.0724
60.0000 174.3626 1 80.0000 0.0000 2 0.1217 1.7220 0.9464 0.2036 0.0440 0.0599
60.0000 174.3626 1 80.0000 0.0000 2 0.1120 1.7141 0.9524 0.1473 0.2188 0.0323
60.0000 174.3626 1 80.0000 0.0000 2 0.1037 1.6504 1.0030 0.1506 0.1095 0.0298
60.0000 174.3626 1 80.0000 0.0000 2 0.1299 1.7088 0.9801 0.1440 0.1331 0.0690
60.0000 174.3626 1 80.0000 0.0000 2 0.1207 1.6125 0.9672 0.1840 0.1369 -0.0057
60.0000 174.3626 1 80.0000 0.0000 2 0.1183 1.6712 0.9629 0.1905 0.1425 -0.0257
60.0000 174.3626 1 80.0000 0.0000 2 0.1376 1.5959 0.8780 0.1682 0.0887 0.0450
60.0000 174.3626 1 80.0000 0.0000 2 0.1075 1.5197 0.9319 0.1345 0.0955 0.0231
60.0000 174.3626 1 80.0000 0.0000 2 0.1535 1.5626 0.9561 0.1693 0.1326 0.0567
