60.0000 173.3300 1 80.0000 0.0000 2 0.1724 0.5433 0.1520 0.1454 0.0292 0.0445
60.0000 173.3300 1 80.0000 0.0000 2 0.1444 0.2482 0.1763 0.0035 0.0402 0.0313
60.0000 173.3300 1 80.0000 0.0000 2 0.1525 0.4289 0.1720 -0.0294 0.0424 0.0688
60.0000 173.3300 1 80.0000 0.0000 2 0.1338 0.3053 0.1643 0.1171 0.0484 0.0620
60.0000 173.3300 1 80.0000 0.0000 2 0.1647 0.2190 0.1824 0.0131 0.0217 0.0268
60.0000 173.3300 1 80.0000 0.0000 2 0.1409 0.3141 0.1615 -0.0279 0.0376 0.0505
60.0000 173.3300 1 80.0000 0.0000 2 0.1423 0.3092 0.1818 -0.0593 0.0474 0.1276
60.0000 173.3300 1 80.0000 0.0000 2 0.1919 0.1730 0.1591 -0.0029 0.0320 0.0623
60.0000 173.3300 1 80.0000 0.0000 2 0.1688 0.3000 0.1839 -0.0469 0.0512 0.0123
60.0000 173.3300 1 80.0000 0.0000 2 0.1512 0.2561 0.1784 -0.0144 0.0477 0.0707
60.0000 173.3300 1 80.0000 0.0000 2 0.1371 0.2198 0.1722 0.0357 0.0412 0.0221
60.0000 173.3300 1 80.0000 0.0000 2 0.1397 0.0726 0.1803 0.1580 0.0833 0.0759
60.0000 173.3300 1 80.0000 0.0000 2 0.1902 0.1467 0.1859 0.0686 0.0502 0.0645
60.0000 173.3300 1 80.0000 0.0000 2 0.1042 0.3385 0.1730 0.0079 0.0564 0.1011
60.0000 173.3300 1 80.0000 0.0000 2 0.1497 0.4515 0.1753 -0.0391 0.0586 -0.0058
60.0000 173.3300 1 80.0000 0.0000 2 0.1696 0.1425 0.1680 0.0241 0.0568 0.0580
60.0000 173.3300 1 80.0000 0.0000 2 0.1659 0.2102 0.1994 -0.0698 0.0457 0.0358
60.0000 173.3300 1 80.0000 0.0000 2 0.1349 0.3866 0.1800 -0.0218 0.0526 0.0488
60.0000 173.3300 1 80.0000 0.0000 2 0.1606 0.3555 0.1698 0.0329 0.0505 0.0829
60.0000 173.3300 1 80.0000 0.0000 2 0.1545 0.3734 0.1738 -0.0647 0.0421 0.0023
60.0000 173.3300 1 80.0000 0.0000 2 0.1171 0.3243 0.1985 0.0965 0.0622 0.0520
60.0000 173.3300 1 80.0000 0.0000 2 0.1449 0.1631 0.1768 -0.0167 0.0551 0.0344
60.0000 173.3300 1 80.0000 0.0000 2 0.1791 0.2768 0.1664 0.0454 0.0707 0.0804
60.0000 173.3300 1 80.0000 0.0000 2 0.1232 0.3290 0.1547 0.0568 0.0520 0.0564
60.0000 173.3300 1 80.0000 0.0000 2 0.1586 0.4778 0.1879 0.0290 0.0493 0.0916
60.0000 173.3300 1 80.0000 0.0000 2 0.1970 0.2402 0.1630 0.0757 0.0468 0.0399
60.0000 173.3300 1 80.0000 0.0000 2 0.1471 0.3459 0.1707 -0.0109 0.0439 0.0420
60.0000 173.3300 1 80.0000 0.0000 2 0.1565 0.1228 0.1929 0.0200 0.0345 0.0943
60.0000 173.3300 1 80.0000 0.0000 2 0.2187 0.2633 0.1894 0.0411 0.0451 0.0754
60.0000 173.3300 1 80.0000 0.0000 2 0.1743 0.2354 0.1790 0.0792 0.0430 0.0582
60.0000 173.3300 1 80.0000 0.0000 2 0.1632 0.2003 0.1946 -0.0513 0.0553 0.0996
60.0000 173.3300 1 80.0000 0.0000 2 0.1310 0.2794 0.1871 -0.1135 0.0465 0.0717
60.0000 173.3300 1 80.0000 0.0000 2 0.1532 0.4239 0.1914 -0.1670 0.0358 0.0468
60.0000 173.3300 1 80.0000 0.0000 2 0.1719 0.2897 0.1794 0.0883 0.0530 0.0674
60.0000 173.3300 1 80.0000 0.0000 2 0.1603 0.1537 0.1575 0.0518 0.0595 0.0380
60.0000 173.3300 1 80.0000 0.0000 2 0.1822 0.2862 0.1700 0.0158 0.0307 0.0471
60.0000 173.3300 1 80.0000 0.0000 2 0.2018 0.1864 0.2075 -0.0832 0.0629 0.0836
60.0000 173.3300 1 80.0000 0.0000 2 0.1819 0.2303 0.1652 0.1070 0.0672 0.0875
60.0000 173.3300 1 80.0000 0.0000 2 0.1774 0.0579 0.1614 -0.0047 0.0537 0.0792
60.0000 173.3300 1 80.0000 0.0000 2 0.1870 0.3891 0.1861 0.0861 0.0444 0.0735
60.0000 173.3300 1 80.0000 0.0000 2 0.1286 0.3498 0.1810 -0.0856 0.0545 0.0176
60.0000 173.3300 1 80.0000 0.0000 2 0.2054 0.1953 0.1899 0.1929 0.0655 0.0595
60.0000 173.3300 1 80.0000 0.0000 2 0.1576 0.2506 0.1848 0.0488 0.0363 0.0535
60.0000 173.3300 1 80.0000 0.0000 2 0.1854 0.4026 0.1746 0.0091 0.0488 0.0552
60.0000 173.3300 1 80.0000 0.0000 2 0.1090 0.3635 0.1776 -0.1045 0.0607 0.0239
60.0000 173.3300 1 80.0000 0.0000 2 0.1252 0.0922 0.1691 0.1328 0.0385 0.0891
60.0000 173.3300 1 80.0000 0.0000 2 0.1677 0.0017 0.1831 -0.0328 0.0575 0.0661
60.0000 173.3300 1 80.0000 0.0000 2 0.1621 0.1798 0.1669 0.0617 0.0598 0.1059
60.0000 173.3300 1 80.0000 0.0000 2 0.1480 0.1099 0.1756 0.0649 0.0398 0.0430
60.0000 173.3300 1 80.0000 0.0000 2 0.1754 0.2698 0.1955 0.1010 0.0636 0.0309
