60.0000 160.0851 1 80.0000 0.0000 2 0.1851 0.9396 1.6133 0.1274 0.0479 0.0293
60.0000 160.0851 1 80.0000 0.0000 2 0.1816 0.9143 1.5860 0.1110 0.0459 0.0376
60.0000 160.0851 1 80.0000 0.0000 2 0.1890 1.0508 1.5979 0.1617 0.0509 0.0452
60.0000 160.0851 1 80.0000 0.0000 2 0.1902 0.9711 1.6233 0.1184 0.0438 0.0322
60.0000 160.0851 1 80.0000 0.0000 2 0.1977 0.9553 1.5761 0.1316 0.0415 0.0404
60.0000 160.0851 1 80.0000 0.0000 2 0.1672 0.8575 1.5906 0.1346 0.0471 0.0378
60.0000 160.0851 1 80.0000 0.0000 2 0.2007 0.9982 1.5785 0.1438 0.0464 0.0439
60.0000 160.0851 1 80.0000 0.0000 2 0.1597 1.0741 1.5383 0.0917 0.0505 0.0332
60.0000 160.0851 1 80.0000 0.0000 2 0.1864 1.1491 1.5568 0.1324 0.0436 0.0491
60.0000 160.0851 1 80.0000 0.0000 2 0.1916 1.0452 1.5610 0.1214 0.0513 0.0367
60.0000 160.0851 1 80.0000 0.0000 2 0.2182 1.0175 1.6074 0.1161 0.0427 0.0474
60.0000 160.0851 1 80.0000 0.0000 2 0.1981 1.0354 1.5810 0.1451 0.0501 0.0368
60.0000 160.0851 1 80.0000 0.0000 2 0.2117 1.0338 1.5937 0.1289 0.0483 0.0425
60.0000 160.0851 1 80.0000 0.0000 2 0.1786 1.0587 1.6007 0.1400 0.0478 0.0422
60.0000 160.0851 1 80.0000 0.0000 2 0.1830 1.0235 1.5735 0.1480 0.0520 0.0307
60.0000 160.0851 1 80.0000 0.0000 2 0.1965 0.9586 1.5934 0.1421 0.0443 0.0464
60.0000 160.0851 1 80.0000 0.0000 2 0.1729 0.8826 1.5898 0.1246 0.0535 0.0342
60.0000 160.0851 1 80.0000 0.0000 2 0.1926 1.0994 1.5961 0.1235 0.0463 0.0339
60.0000 160.0851 1 80.0000 0.0000 2 0.2006 1.0104 1.5644 0.1539 0.0490 0.0316
60.0000 160.0851 1 80.0000 0.0000 2 0.1939 0.9736 1.5992 0.1034 0.0482 0.0253
60.0000 160.0851 1 80.0000 0.0000 2 0.1985 1.0272 1.5689 0.1580 0.0466 0.0414
60.0000 160.0851 1 80.0000 0.0000 2 0.1770 1.0460 1.5146 0.1505 0.0491 0.0394
60.0000 160.0851 1 80.0000 0.0000 2 0.1950 0.9340 1.5726 0.1388 0.0444 0.0374
60.0000 160.0851 1 80.0000 0.0000 2 0.2023 1.0404 1.6161 0.1429 0.0432 0.0412
60.0000 160.0851 1 80.0000 0.0000 2 0.1710 0.9848 1.5448 0.1384 0.0474 0.0479
60.0000 160.0851 1 80.0000 0.0000 2 0.1934 1.0794 1.5547 0.1145 0.0486 0.0362
60.0000 160.0851 1 80.0000 0.0000 2 0.2089 1.1128 1.5684 0.1227 0.0472 0.0311
60.0000 160.0851 1 80.0000 0.0000 2 0.2271 1.0553 1.5825 0.1413 0.0497 0.0417
60.0000 160.0851 1 80.0000 0.0000 2 0.1757 1.0987 1.5872 0.1264 0.0504 0.0388
60.0000 160.0851 1 80.0000 0.0000 2 0.2066 1.1303 1.5835 0.1518 0.0485 0.0278
60.0000 160.0851 1 80.0000 0.0000 2 0.2101 0.9517 1.5317 0.1999 0.0452 0.0436
60.0000 160.0851 1 80.0000 0.0000 2 0.2055 0.9803 1.5748 0.1467 0.0453 0.0456
60.0000 160.0851 1 80.0000 0.0000 2 0.1843 1.0140 1.5626 0.1595 0.0476 0.0441
60.0000 160.0851 1 80.0000 0.0000 2 0.1858 1.1161 1.5469 0.1192 0.0493 0.0259
60.0000 160.0851 1 80.0000 0.0000 2 0.1797 1.0046 1.5593 0.1668 0.0468 0.0382
60.0000 160.0851 1 80.0000 0.0000 2 0.1812 1.1778 1.5420 0.1005 0.0545 0.0393
60.0000 160.0851 1 80.0000 0.0000 2 0.2194 0.9030 1.6343 0.1499 0.0512 0.0360
60.0000 160.0851 1 80.0000 0.0000 2 0.1992 1.0853 1.5655 0.1374 0.0456 0.0430
60.0000 160.0851 1 80.0000 0.0000 2 0.1913 1.0675 1.6089 0.1336 0.0488 0.0346
60.0000 160.0851 1 80.0000 0.0000 2 0.2039 0.9637 1.5798 0.1365 0.0480 0.0406
60.0000 160.0851 1 80.0000 0.0000 2 0.1942 0.9451 1.6049 0.1567 0.0461 0.0355
60.0000 160.0851 1 80.0000 0.0000 2 0.2021 0.9997 1.5521 0.1098 0.0495 0.0325
60.0000 160.0851 1 80.0000 0.0000 2 0.2128 1.0074 1.5516 0.1348 0.0498 0.0401
60.0000 160.0851 1 80.0000 0.0000 2 0.2076 1.0292 1.5243 0.1458 0.0469 0.0527
60.0000 160.0851 1 80.0000 0.0000 2 0.1883 0.9955 1.6415 0.1649 0.0399 0.0350
60.0000 160.0851 1 80.0000 0.0000 2 0.1961 1.0650 1.6025 0.1554 0.0529 0.0351
60.0000 160.0851 1 80.0000 0.0000 2 0.2043 0.9898 1.6195 0.1302 0.0450 0.0399
60.0000 160.0851 1 80.0000 0.0000 2 0.2136 0.9263 1.5714 0.1286 0.0446 0.0298
60.0000 160.0851 1 80.0000 0.0000 2 0.1871 1.0879 1.5884 0.1124 0.0517 0.0385
60.0000 160.0851 1 80.0000 0.0000 2 0.1892 0.9826 1.6272 0.1726 0.0459 0.0337
