60.0000 167.8241 1 80.0000 0.0000 2 0.1201 1.8438 0.6380 0.2395 0.0544 0.0380
60.0000 167.8241 1 80.0000 0.0000 2 0.1204 1.7575 0.6518 0.2350 0.0491 0.0222
60.0000 167.8241 1 80.0000 0.0000 2 0.1255 1.8302 0.6192 0.2378 0.0529 0.0435
60.0000 167.8241 1 80.0000 0.0000 2 0.1268 1.8675 0.6022 0.2361 0.0401 0.0208
60.0000 167.8241 1 80.0000 0.0000 2 0.1169 1.8888 0.6447 0.2392 0.0506 0.0132
60.0000 167.8241 1 80.0000 0.0000 2 0.1178 1.7479 0.6338 0.2358 0.0512 0.0273
60.0000 167.8241 1 80.0000 0.0000 2 0.1212 1.8543 0.6354 0.2344 0.0447 0.0247
60.0000 167.8241 1 80.0000 0.0000 2 0.1124 1.9265 0.6204 0.2490 0.0422 0.0594
60.0000 167.8241 1 80.0000 0.0000 2 0.1274 1.8597 0.6365 0.2192 0.0469 0.0342
60.0000 167.8241 1 80.0000 0.0000 2 0.1232 1.8212 0.6281 0.2363 0.0607 0.0009
60.0000 167.8241 1 80.0000 0.0000 2 0.1166 1.8550 0.6235 0.2415 0.0459 0.0395
60.0000 167.8241 1 80.0000 0.0000 2 0.1330 1.8704 0.6648 0.2387 0.0578 0.0371
60.0000 167.8241 1 80.0000 0.0000 2 0.1185 1.8351 0.6055 0.2427 0.0533 0.0420
60.0000 167.8241 1 80.0000 0.0000 2 0.1265 1.9155 0.6108 0.2264 0.0393 0.0125
60.0000 167.8241 1 80.0000 0.0000 2 0.1175 1.9030 0.5951 0.2248 0.0411 0.0226
60.0000 167.8241 1 80.0000 0.0000 2 0.1198 1.8874 0.6083 0.2439 0.0437 0.0308
60.0000 167.8241 1 80.0000 0.0000 2 0.1235 1.7833 0.6165 0.2312 0.0475 0.0178
60.0000 167.8241 1 80.0000 0.0000 2 0.1152 1.9060 0.6273 0.2233 0.0487 0.0112
60.0000 167.8241 1 80.0000 0.0000 2 0.1077 2.0078 0.6179 0.2285 0.0567 0.0266
60.0000 167.8241 1 80.0000 0.0000 2 0.1095 1.9491 0.6689 0.2334 0.0453 0.0362
60.0000 167.8241 1 80.0000 0.0000 2 0.1191 1.9200 0.6217 0.2320 0.0359 0.0185
60.0000 167.8241 1 80.0000 0.0000 2 0.1137 1.8061 0.6267 0.2402 0.0503 0.0319
60.0000 167.8241 1 80.0000 0.0000 2 0.1217 1.8639 0.6315 0.2406 0.0445 0.0336
60.0000 167.8241 1 80.0000 0.0000 2 0.1221 1.9673 0.6147 0.2295 0.0424 0.0076
60.0000 167.8241 1 80.0000 0.0000 2 0.1172 1.8841 0.5876 0.2450 0.0371 0.0293
60.0000 167.8241 1 80.0000 0.0000 2 0.1239 1.8765 0.5944 0.2276 0.0461 0.0415
60.0000 167.8241 1 80.0000 0.0000 2 0.1291 1.7952 0.6291 0.2374 0.0413 0.0154
60.0000 167.8241 1 80.0000 0.0000 2 0.1180 1.9303 0.6051 0.2239 0.0504 0.0159
60.0000 167.8241 1 80.0000 0.0000 2 0.1109 2.0365 0.6497 0.2469 0.0495 0.0401
60.0000 167.8241 1 80.0000 0.0000 2 0.1185 1.8419 0.6483 0.2483 0.0306 0.0286
60.0000 167.8241 1 80.0000 0.0000 2 0.1246 1.7691 0.6328 0.2528 0.0524 0.0499
60.0000 167.8241 1 80.0000 0.0000 2 0.1288 1.8956 0.5986 0.2368 0.0483 0.0275
60.0000 167.8241 1 80.0000 0.0000 2 0.1139 1.8803 0.6555 0.2475 0.0590 0.0256
60.0000 167.8241 1 80.0000 0.0000 2 0.1149 1.9226 0.6203 0.2307 0.0479 0.0458
60.0000 167.8241 1 80.0000 0.0000 2 0.1224 1.9775 0.6027 0.2587 0.0520 0.0049
60.0000 167.8241 1 80.0000 0.0000 2 0.1194 1.8992 0.5847 0.2421 0.0558 0.0327
60.0000 167.8241 1 80.0000 0.0000 2 0.1210 1.8033 0.6101 0.2303 0.0550 0.0169
60.0000 167.8241 1 80.0000 0.0000 2 0.1129 1.8189 0.6431 0.2448 0.0644 0.0196
60.0000 167.8241 1 80.0000 0.0000 2 0.1159 1.9599 0.6074 0.2458 0.0430 0.0235
60.0000 167.8241 1 80.0000 0.0000 2 0.1207 1.8122 0.5895 0.2517 0.0541 0.0300
60.0000 167.8241 1 80.0000 0.0000 2 0.1230 1.9424 0.6312 0.2562 0.0441 0.0532
60.0000 167.8241 1 80.0000 0.0000 2 0.1216 1.9346 0.6415 0.2284 0.0457 0.0489
60.0000 167.8241 1 80.0000 0.0000 2 0.1145 1.7143 0.6392 0.2508 0.0433 0.0083
60.0000 167.8241 1 80.0000 0.0000 2 0.1300 1.9081 0.5998 0.2212 0.0466 0.0305
60.0000 167.8241 1 80.0000 0.0000 2 0.1161 1.8293 0.6252 0.2331 0.0494 0.0464
60.0000 167.8241 1 80.0000 0.0000 2 0.1242 1.9818 0.5749 0.2339 0.0352 0.0214
60.0000 167.8241 1 80.0000 0.0000 2 0.1253 1.8489 0.6240 0.2167 0.0517 0.0353
60.0000 167.8241 1 80.0000 0.0000 2 0.1259 1.7815 0.6132 0.2413 0.0381 0.0246
60.0000 167.8241 1 80.0000 0.0000 2 0.1196 1.9995 0.6124 0.2433 0.0472 0.0333
60.0000 167.8241 1 80.0000 0.0000 2 0.1227 1.9562 0.6160 0.2327 0.0405 0.0382
