60.0000 176.4099 1 80.0000 0.0000 2 0.1101 0.2260 0.2165 0.2134 0.0671 0.0264
60.0000 176.4099 1 80.0000 0.0000 2 0.1049 0.5234 0.2277 0.2470 0.0742 0.0105
60.0000 176.4099 1 80.0000 0.0000 2 0.0814 0.2563 0.2536 0.1805 0.0968 0.0078
60.0000 176.4099 1 80.0000 0.0000 2 0.0783 0.4000 0.2480 0.2521 0.0747 0.0375
60.0000 176.4099 1 80.0000 0.0000 2 0.0819 0.0756 0.2396 0.2298 0.0804 0.0457
60.0000 176.4099 1 80.0000 0.0000 2 0.0541 0.3257 0.2554 0.3389 0.0824 0.0024
60.0000 176.4099 1 80.0000 0.0000 2 0.0413 0.3326 0.2388 0.1621 0.0336 0.0403
60.0000 176.4099 1 80.0000 0.0000 2 0.0504 0.2766 0.2336 0.2099 0.0457 0.0470
60.0000 176.4099 1 80.0000 0.0000 2 0.0994 0.5095 0.2407 0.2232 0.0202 0.0345
60.0000 176.4099 1 80.0000 0.0000 2 0.0869 0.3619 0.2116 0.2181 0.0167 0.0326
60.0000 176.4099 1 80.0000 0.0000 2 0.0728 0.2905 0.2320 0.2437 0.0507 0.0194
60.0000 176.4099 1 80.0000 0.0000 2 0.1435 0.4451 0.2309 0.1737 0.1110 0.0150
60.0000 176.4099 1 80.0000 0.0000 2 0.0686 0.3363 0.2455 0.3133 0.0104 0.0156
60.0000 176.4099 1 80.0000 0.0000 2 0.0610 0.3664 0.2465 0.2414 0.0946 0.0120
60.0000 176.4099 1 80.0000 0.0000 2 0.0775 0.4069 0.2380 0.2789 0.1118 0.0223
60.0000 176.4099 1 80.0000 0.0000 2 0.0914 0.3550 0.2370 0.3453 0.0587 0.0293
60.0000 176.4099 1 80.0000 0.0000 2 0.0861 0.3882 0.2231 0.1976 0.0413 0.0308
60.0000 176.4099 1 80.0000 0.0000 2 0.0747 0.1874 0.2266 0.1396 0.0714 0.0314
60.0000 176.4099 1 80.0000 0.0000 2 0.1033 0.3928 0.2514 0.3256 0.1199 0.0238
60.0000 176.4099 1 80.0000 0.0000 2 0.1013 0.3489 0.2292 0.2059 0.0858 0.0170
60.0000 176.4099 1 80.0000 0.0000 2 0.0985 0.4307 0.2618 0.2209 0.0629 0.0352
60.0000 176.4099 1 80.0000 0.0000 2 0.0630 0.4213 0.2359 0.2669 0.1278 0.0198
60.0000 176.4099 1 80.0000 0.0000 2 0.0645 0.2479 0.2418 0.2760 0.0600 -0.0032
60.0000 176.4099 1 80.0000 0.0000 2 0.0965 0.5725 0.2330 0.3704 0.1085 0.0229
60.0000 176.4099 1 80.0000 0.0000 2 0.0586 0.4246 0.2256 0.2631 0.0558 0.0269
60.0000 176.4099 1 80.0000 0.0000 2 0.0898 0.3238 0.2237 0.1944 0.0386 0.0255
60.0000 176.4099 1 80.0000 0.0000 2 0.0845 0.2989 0.2417 0.1757 0.0647 0.0287
60.0000 176.4099 1 80.0000 0.0000 2 0.0882 0.4510 0.2710 0.1074 0.0431 0.0299
60.0000 176.4099 1 80.0000 0.0000 2 0.0902 0.4810 0.2308 0.2026 0.1026 0.0426
60.0000 176.4099 1 80.0000 0.0000 2 0.1075 0.3449 0.2211 0.2321 0.0897 -0.0064
60.0000 176.4099 1 80.0000 0.0000 2 0.0803 0.4372 0.2401 0.2255 0.0991 0.0237
60.0000 176.4099 1 80.0000 0.0000 2 0.1141 0.5516 0.2364 0.2873 0.0685 0.0048
60.0000 176.4099 1 80.0000 0.0000 2 0.0832 0.4968 0.2651 0.1319 0.1577 0.0597
60.0000 176.4099 1 80.0000 0.0000 2 0.0675 0.4055 0.2523 0.2824 0.1043 0.0248
60.0000 176.4099 1 80.0000 0.0000 2 0.0955 0.3723 0.2602 0.2542 0.0780 0.0060
60.0000 176.4099 1 80.0000 0.0000 2 0.0921 0.4567 0.2345 0.2588 0.0240 0.0207
60.0000 176.4099 1 80.0000 0.0000 2 0.0572 0.4691 0.2451 0.3057 0.0333 0.0118
60.0000 176.4099 1 80.0000 0.0000 2 0.1127 0.4767 0.2485 0.1897 0.1333 0.0189
60.0000 176.4099 1 80.0000 0.0000 2 0.1017 0.5079 0.2355 0.0888 0.0924 0.0214
60.0000 176.4099 1 80.0000 0.0000 2 0.0890 0.4144 0.2588 0.2973 0.1255 0.0168
60.0000 176.4099 1 80.0000 0.0000 2 0.0715 0.3031 0.2186 0.1855 0.1831 -0.0011
60.0000 176.4099 1 80.0000 0.0000 2 0.0795 0.2818 0.2428 0.4205 0.0830 0.0095
60.0000 176.4099 1 80.0000 0.0000 2 0.0950 0.3133 0.2504 0.1508 -0.0201 0.0363
60.0000 176.4099 1 80.0000 0.0000 2 0.0700 0.3768 0.2547 0.2915 0.0881 0.0080
60.0000 176.4099 1 80.0000 0.0000 2 0.0753 0.2090 0.2471 0.3176 0.0540 0.0276
60.0000 176.4099 1 80.0000 0.0000 2 0.0938 0.2633 0.2435 0.1242 0.0295 0.0132
60.0000 176.4099 1 80.0000 0.0000 2 0.0712 0.3070 0.2496 0.1657 0.0014 0.0389
60.0000 176.4099 1 80.0000 0.0000 2 0.1201 0.6154 0.2442 0.1441 0.1387 0.0182
60.0000 176.4099 1 80.0000 0.0000 2 0.0763 0.2180 0.2566 0.2698 0.0490 0.0142
60.0000 176.4099 1 80.0000 0.0000 2 0.0848 0.3801 0.2286 0.2388 0.1151 0.0329
