60.0000 168.9425 1 80.0000 0.0000 2 0.1085 2.7318 0.2662 0.2675 0.0509 0.0197
60.0000 168.9425 1 80.0000 0.0000 2 0.1086 2.6433 0.2356 0.2487 0.0525 0.0235
60.0000 168.9425 1 80.0000 0.0000 2 0.1120 2.8563 0.2714 0.2340 0.0522 0.0255
60.0000 168.9425 1 80.0000 0.0000 2 0.1093 2.7906 0.2635 0.2683 0.0582 0.0256
60.0000 168.9425 1 80.0000 0.0000 2 0.1096 2.8257 0.2531 0.2525 0.0515 0.0323
60.0000 168.9425 1 80.0000 0.0000 2 0.1149 2.8202 0.2863 0.2396 0.0566 0.0198
60.0000 168.9425 1 80.0000 0.0000 2 0.1046 2.7709 0.2694 0.2548 0.0544 0.0250
60.0000 168.9425 1 80.0000 0.0000 2 0.1194 2.8043 0.2432 0.2481 0.0541 0.0267
60.0000 168.9425 1 80.0000 0.0000 2 0.0915 2.7804 0.2495 0.2585 0.0568 0.0290
60.0000 168.9425 1 80.0000 0.0000 2 0.1185 2.9399 0.2372 0.2614 0.0532 0.0214
60.0000 168.9425 1 80.0000 0.0000 2 0.1026 2.5665 0.2217 0.2718 0.0562 0.0305
60.0000 168.9425 1 80.0000 0.0000 2 0.1202 2.7538 0.2989 0.2611 0.0522 0.0280
60.0000 168.9425 1 80.0000 0.0000 2 0.0981 2.6958 0.2530 0.2844 0.0550 0.0241
60.0000 168.9425 1 80.0000 0.0000 2 0.0974 2.9988 0.2604 0.2575 0.0534 0.0283
60.0000 168.9425 1 80.0000 0.0000 2 0.0968 2.7117 0.2290 0.2569 0.0516 0.0153
60.0000 168.9425 1 80.0000 0.0000 2 0.1052 2.7075 0.2587 0.2596 0.0529 0.0222
60.0000 168.9425 1 80.0000 0.0000 2 0.1136 2.5925 0.2513 0.2635 0.0504 0.0272
60.0000 168.9425 1 80.0000 0.0000 2 0.0888 2.7899 0.2348 0.2413 0.0553 0.0232
60.0000 168.9425 1 80.0000 0.0000 2 0.0956 2.9086 0.2508 0.2795 0.0580 0.0179
60.0000 168.9425 1 80.0000 0.0000 2 0.1263 2.7195 0.2575 0.2516 0.0545 0.0224
60.0000 168.9425 1 80.0000 0.0000 2 0.0988 2.6297 0.2559 0.2621 0.0541 0.0275
60.0000 168.9425 1 80.0000 0.0000 2 0.1077 2.6144 0.2707 0.2693 0.0502 0.0295
60.0000 168.9425 1 80.0000 0.0000 2 0.1006 2.7979 0.2659 0.2713 0.0554 0.0262
60.0000 168.9425 1 80.0000 0.0000 2 0.1068 2.6775 0.2546 0.2685 0.0576 0.0244
60.0000 168.9425 1 80.0000 0.0000 2 0.1232 2.5129 0.2315 0.2775 0.0537 0.0302
60.0000 168.9425 1 80.0000 0.0000 2 0.1307 2.7147 0.2332 0.2450 0.0593 0.0265
60.0000 168.9425 1 80.0000 0.0000 2 0.0860 2.7243 0.2795 0.2638 0.0469 0.0208
60.0000 168.9425 1 80.0000 0.0000 2 0.0748 2.8847 0.2411 0.2577 0.0510 0.0312
60.0000 168.9425 1 80.0000 0.0000 2 0.0939 2.8364 0.2254 0.2649 0.0574 0.0258
60.0000 168.9425 1 80.0000 0.0000 2 0.1118 2.6911 0.2580 0.2504 0.0570 0.0203
60.0000 168.9425 1 80.0000 0.0000 2 0.1209 2.8079 0.1959 0.2826 0.0551 0.0337
60.0000 168.9425 1 80.0000 0.0000 2 0.1024 2.9303 0.2165 0.2607 0.0587 0.0300
60.0000 168.9425 1 80.0000 0.0000 2 0.0995 2.8128 0.2476 0.2669 0.0567 0.0228
60.0000 168.9425 1 80.0000 0.0000 2 0.0942 2.6886 0.2614 0.2539 0.0595 0.0181
60.0000 168.9425 1 80.0000 0.0000 2 0.1014 2.8731 0.2777 0.2733 0.0601 0.0243
60.0000 168.9425 1 80.0000 0.0000 2 0.1145 2.6732 0.2639 0.2737 0.0536 0.0335
60.0000 168.9425 1 80.0000 0.0000 2 0.1257 2.7472 0.2466 0.2910 0.0633 0.0219
60.0000 168.9425 1 80.0000 0.0000 2 0.0922 2.8673 0.2395 0.2461 0.0557 0.0239
60.0000 168.9425 1 80.0000 0.0000 2 0.1004 2.7429 0.2441 0.2501 0.0618 0.0187
60.0000 168.9425 1 80.0000 0.0000 2 0.1176 2.7579 0.2843 0.2552 0.0498 0.0165
60.0000 168.9425 1 80.0000 0.0000 2 0.1167 2.7602 0.2452 0.2531 0.0607 0.0287
60.0000 168.9425 1 80.0000 0.0000 2 0.1112 2.8422 0.2678 0.2754 0.0519 0.0251
60.0000 168.9425 1 80.0000 0.0000 2 0.1156 2.6535 0.2380 0.2661 0.0486 0.0285
60.0000 168.9425 1 80.0000 0.0000 2 0.1130 2.7351 0.2416 0.2705 0.0548 0.0369
60.0000 168.9425 1 80.0000 0.0000 2 0.1032 2.8478 0.2462 0.2627 0.0559 0.0275
60.0000 168.9425 1 80.0000 0.0000 2 0.1103 2.7767 0.2734 0.2760 0.0530 0.0317
60.0000 168.9425 1 80.0000 0.0000 2 0.1072 2.6394 0.2558 0.2655 0.0491 0.0230
60.0000 168.9425 1 80.0000 0.0000 2 0.1052 2.8995 0.2626 0.2562 0.0560 0.0212
60.0000 168.9425 1 80.0000 0.0000 2 0.1063 2.7677 0.2764 0.2432 0.0585 0.0268
60.0000 168.9425 1 80.0000 0.0000 2 0.1037 2.6651 0.2492 0.2590 0.0479 0.0247
