60.0000 167.3959 1 80.0000 0.0000 2 0.1009 2.7736 0.3438 0.0506 0.0427 0.0077
60.0000 167.3959 1 80.0000 0.0000 2 0.1002 2.9838 0.3485 0.1247 0.0448 0.0126
60.0000 167.3959 1 80.0000 0.0000 2 0.0967 2.8678 0.3450 0.0963 0.0470 0.0132
60.0000 167.3959 1 80.0000 0.0000 2 0.0962 2.9416 0.3151 0.0623 0.0418 0.0200
60.0000 167.3959 1 80.0000 0.0000 2 0.1015 2.8280 0.3259 0.0688 0.0494 0.0133
60.0000 167.3959 1 80.0000 0.0000 2 0.1050 2.8777 0.3404 0.0591 0.0426 0.0167
60.0000 167.3959 1 80.0000 0.0000 2 0.1008 2.8236 0.3213 0.0675 0.0445 0.0107
60.0000 167.3959 1 80.0000 0.0000 2 0.1076 2.8422 0.3427 0.1031 0.0490 0.0174
60.0000 167.3959 1 80.0000 0.0000 2 0.0978 3.0295 0.3394 0.0741 0.0461 0.0111
60.0000 167.3959 1 80.0000 0.0000 2 0.1063 2.8167 0.2670 0.0662 0.0485 0.0198
60.0000 167.3959 1 80.0000 0.0000 2 0.1048 2.9130 0.3287 0.1051 0.0454 0.0163
60.0000 167.3959 1 80.0000 0.0000 2 0.0984 3.0066 0.3623 0.0720 0.0437 0.0121
60.0000 167.3959 1 80.0000 0.0000 2 0.1017 2.8500 0.3311 0.0711 0.0458 0.0150
60.0000 167.3959 1 80.0000 0.0000 2 0.0996 2.9180 0.3163 0.0725 0.0514 0.0191
60.0000 167.3959 1 80.0000 0.0000 2 0.1046 2.9629 0.3128 0.0799 0.0477 0.0126
60.0000 167.3959 1 80.0000 0.0000 2 0.1012 2.8879 0.3385 0.1129 0.0409 0.0145
60.0000 167.3959 1 80.0000 0.0000 2 0.1004 2.9488 0.3296 0.0840 0.0508 0.0173
60.0000 167.3959 1 80.0000 0.0000 2 0.1030 2.9062 0.3416 0.0588 0.0492 0.0102
60.0000 167.3959 1 80.0000 0.0000 2 0.0985 2.9698 0.3191 0.0907 0.0431 0.0183
60.0000 167.3959 1 80.0000 0.0000 2 0.0923 2.7808 0.3235 0.0604 0.0502 0.0137
60.0000 167.3959 1 80.0000 0.0000 2 0.0997 2.9005 0.3514 0.0694 0.0474 0.0152
60.0000 167.3959 1 80.0000 0.0000 2 0.0932 2.8910 0.3336 0.0900 0.0463 0.0190
60.0000 167.3959 1 80.0000 0.0000 2 0.0972 2.9267 0.3498 0.0421 0.0476 0.0170
60.0000 167.3959 1 80.0000 0.0000 2 0.1096 2.8469 0.3308 0.0549 0.0540 0.0205
60.0000 167.3959 1 80.0000 0.0000 2 0.0957 2.9164 0.3325 0.0530 0.0440 0.0154
60.0000 167.3959 1 80.0000 0.0000 2 0.1013 2.9350 0.2969 0.1004 0.0443 0.0140
60.0000 167.3959 1 80.0000 0.0000 2 0.0949 3.0689 0.3353 0.0872 0.0496 0.0089
60.0000 167.3959 1 80.0000 0.0000 2 0.1006 2.8592 0.3363 0.0827 0.0483 0.0130
60.0000 167.3959 1 80.0000 0.0000 2 0.0912 2.9694 0.3183 0.0746 0.0473 0.0114
60.0000 167.3959 1 80.0000 0.0000 2 0.1023 2.8720 0.3686 0.0883 0.0480 0.0099
60.0000 167.3959 1 80.0000 0.0000 2 0.1021 2.9913 0.3219 0.0637 0.0481 0.0181
60.0000 167.3959 1 80.0000 0.0000 2 0.1037 2.6726 0.3467 0.0858 0.0450 0.0185
60.0000 167.3959 1 80.0000 0.0000 2 0.0981 2.9775 0.3653 0.0394 0.0501 0.0160
60.0000 167.3959 1 80.0000 0.0000 2 0.1035 2.8732 0.3457 0.0939 0.0479 0.0164
60.0000 167.3959 1 80.0000 0.0000 2 0.1056 2.8569 0.3539 0.0951 0.0472 0.0158
60.0000 167.3959 1 80.0000 0.0000 2 0.1033 2.8076 0.3345 0.0657 0.0450 0.0237
60.0000 167.3959 1 80.0000 0.0000 2 0.1042 2.9563 0.3672 0.0625 0.0436 0.0117
60.0000 167.3959 1 80.0000 0.0000 2 0.1068 2.7975 0.3560 0.0574 0.0507 0.0221
60.0000 167.3959 1 80.0000 0.0000 2 0.0987 2.9019 0.3039 0.0794 0.0456 0.0211
60.0000 167.3959 1 80.0000 0.0000 2 0.0974 3.0242 0.3911 0.0368 0.0468 0.0109
60.0000 167.3959 1 80.0000 0.0000 2 0.0998 3.0475 0.3275 0.0233 0.0466 0.0177
60.0000 167.3959 1 80.0000 0.0000 2 0.0991 2.8332 0.3085 0.0783 0.0453 0.0122
60.0000 167.3959 1 80.0000 0.0000 2 0.0975 2.8933 0.3378 0.0819 0.0467 0.0046
60.0000 167.3959 1 80.0000 0.0000 2 0.1025 2.9330 0.3251 0.0307 0.0462 0.0068
60.0000 167.3959 1 80.0000 0.0000 2 0.1086 2.8811 0.3502 0.0769 0.0460 0.0156
60.0000 167.3959 1 80.0000 0.0000 2 0.0965 2.9246 0.3754 0.0479 0.0522 0.0138
60.0000 167.3959 1 80.0000 0.0000 2 0.0954 2.9470 0.3573 0.0451 0.0488 0.0149
60.0000 167.3959 1 80.0000 0.0000 2 0.0993 2.9979 0.3105 0.0502 0.0498 0.0143
60.0000 167.3959 1 80.0000 0.0000 2 0.1028 2.7588 0.3549 0.0546 0.0486 0.0093
60.0000 167.3959 1 80.0000 0.0000 2 0.0942 2.8014 0.3604 0.0760 0.0515 0.0145
