60.0000 171.0702 1 80.0000 0.0000 2 0.1953 1.9620 0.1429 0.3293 0.0608 0.0384
60.0000 171.0702 1 80.0000 0.0000 2 0.1761 2.1963 0.1397 0.2986 0.0519 0.0470
60.0000 171.0702 1 80.0000 0.0000 2 0.1815 2.1372 0.1346 0.3071 0.0644 0.0482
60.0000 171.0702 1 80.0000 0.0000 2 0.1877 2.0525 0.1224 0.3251 0.0575 0.0515
60.0000 171.0702 1 80.0000 0.0000 2 0.1931 2.0584 0.1325 0.3030 0.0686 0.0366
60.0000 171.0702 1 80.0000 0.0000 2 0.1777 1.9465 0.1295 0.3057 0.0613 0.0322
60.0000 171.0702 1 80.0000 0.0000 2 0.1797 2.0184 0.1178 0.3016 0.0708 0.0536
60.0000 171.0702 1 80.0000 0.0000 2 0.1896 2.0922 0.1426 0.3022 0.0450 0.0451
60.0000 171.0702 1 80.0000 0.0000 2 0.1902 2.0700 0.1231 0.2935 0.0615 0.0344
60.0000 171.0702 1 80.0000 0.0000 2 0.1824 2.3679 0.1484 0.2929 0.0636 0.0341
60.0000 171.0702 1 80.0000 0.0000 2 0.1867 2.2029 0.1187 0.2911 0.0595 0.0497
60.0000 171.0702 1 80.0000 0.0000 2 0.2072 2.1816 0.1355 0.3050 0.0659 0.0461
60.0000 171.0702 1 80.0000 0.0000 2 0.1888 1.9949 0.1493 0.3113 0.0608 0.0388
60.0000 171.0702 1 80.0000 0.0000 2 0.1883 2.0802 0.1296 0.2859 0.0590 0.0440
60.0000 171.0702 1 80.0000 0.0000 2 0.1854 2.1269 0.1162 0.2983 0.0620 0.0574
60.0000 171.0702 1 80.0000 0.0000 2 0.2118 2.2181 0.1317 0.2872 0.0565 0.0550
60.0000 171.0702 1 80.0000 0.0000 2 0.1928 2.3428 0.1130 0.2995 0.0586 0.0489
60.0000 171.0702 1 80.0000 0.0000 2 0.1808 2.1578 0.1339 0.2845 0.0623 0.0425
60.0000 171.0702 1 80.0000 0.0000 2 0.1898 2.1445 0.1085 0.2943 0.0583 0.0604
60.0000 171.0702 1 80.0000 0.0000 2 0.1741 2.1906 0.1259 0.2968 0.0665 0.0568
60.0000 171.0702 1 80.0000 0.0000 2 0.1957 2.1317 0.1452 0.2920 0.0640 0.0476
60.0000 171.0702 1 80.0000 0.0000 2 0.1906 2.0950 0.1205 0.3107 0.0515 0.0357
60.0000 171.0702 1 80.0000 0.0000 2 0.1879 2.2428 0.1246 0.2837 0.0550 0.0428
60.0000 171.0702 1 80.0000 0.0000 2 0.1850 2.1110 0.1139 0.3121 0.0604 0.0467
60.0000 171.0702 1 80.0000 0.0000 2 0.1942 2.0838 0.1281 0.2800 0.0726 0.0406
60.0000 171.0702 1 80.0000 0.0000 2 0.2019 2.2659 0.1387 0.3147 0.0578 0.0705
60.0000 171.0702 1 80.0000 0.0000 2 0.1846 2.1208 0.1320 0.3082 0.0538 0.0372
60.0000 171.0702 1 80.0000 0.0000 2 0.1990 2.2818 0.1270 0.2892 0.0634 0.0632
60.0000 171.0702 1 80.0000 0.0000 2 0.1941 2.2373 0.1263 0.2879 0.0629 0.0419
60.0000 171.0702 1 80.0000 0.0000 2 0.1972 2.2539 0.1348 0.3192 0.0655 0.0540
60.0000 171.0702 1 80.0000 0.0000 2 0.1790 2.1729 0.1373 0.2818 0.0696 0.0278
60.0000 171.0702 1 80.0000 0.0000 2 0.1829 2.0262 0.1307 0.2906 0.0560 0.0524
60.0000 171.0702 1 80.0000 0.0000 2 0.1705 2.1629 0.1473 0.2954 0.0547 0.0219
60.0000 171.0702 1 80.0000 0.0000 2 0.1768 2.2090 0.1415 0.3134 0.0674 0.0444
60.0000 171.0702 1 80.0000 0.0000 2 0.1870 2.2247 0.1199 0.3004 0.0597 0.0634
60.0000 171.0702 1 80.0000 0.0000 2 0.1994 2.0649 0.1385 0.3006 0.0599 0.0243
60.0000 171.0702 1 80.0000 0.0000 2 0.2004 2.1846 0.1367 0.2962 0.0678 0.0312
60.0000 171.0702 1 80.0000 0.0000 2 0.1913 1.9809 0.1274 0.3059 0.0744 0.0378
60.0000 171.0702 1 80.0000 0.0000 2 0.1821 2.0329 0.1551 0.2668 0.0690 0.0588
60.0000 171.0702 1 80.0000 0.0000 2 0.1843 1.8788 0.1364 0.3165 0.0662 0.0556
60.0000 171.0702 1 80.0000 0.0000 2 0.1921 2.0999 0.1537 0.2896 0.0648 0.0495
60.0000 171.0702 1 80.0000 0.0000 2 0.1861 2.0029 0.1248 0.3040 0.0718 0.0398
60.0000 171.0702 1 80.0000 0.0000 2 0.2035 2.0464 0.1312 0.3079 0.0626 0.0411
60.0000 171.0702 1 80.0000 0.0000 2 0.1616 2.1717 0.1442 0.2973 0.0669 0.0298
60.0000 171.0702 1 80.0000 0.0000 2 0.1786 2.1548 0.1239 0.2793 0.0779 0.0528
60.0000 171.0702 1 80.0000 0.0000 2 0.1915 2.1144 0.1004 0.3173 0.0502 0.0501
60.0000 171.0702 1 80.0000 0.0000 2 0.1981 2.3122 0.1210 0.2951 0.0556 0.0436
60.0000 171.0702 1 80.0000 0.0000 2 0.1962 2.1392 0.1404 0.2767 0.0569 0.0508
60.0000 171.0702 1 80.0000 0.0000 2 0.1837 2.2687 0.1335 0.3036 0.0650 0.0400
60.0000 171.0702 1 80.0000 0.0000 2 0.1722 2.2971 0.1285 0.3097 0.0531 0.0457
