60.0000 167.3920 1 80.0000 0.0000 2 0.1127 1.2241 0.3839 0.0274 0.0380 0.0262
60.0000 167.3920 1 80.0000 0.0000 2 0.1208 1.2066 0.3736 0.0510 0.0394 0.0382
60.0000 167.3920 1 80.0000 0.0000 2 0.1269 1.2818 0.3709 0.0331 0.0442 0.0020
60.0000 167.3920 1 80.0000 0.0000 2 0.1431 1.2959 0.3866 0.0594 0.0476 0.0438
60.0000 167.3920 1 80.0000 0.0000 2 0.1313 1.2081 0.3825 0.0630 0.0446 0.0504
60.0000 167.3920 1 80.0000 0.0000 2 0.1348 1.1701 0.3701 0.0953 0.0540 0.0430
60.0000 167.3920 1 80.0000 0.0000 2 0.1208 1.2274 0.3629 0.1004 0.0558 0.0439
60.0000 167.3920 1 80.0000 0.0000 2 0.1329 1.2430 0.3604 0.0782 0.0340 0.0361
60.0000 167.3920 1 80.0000 0.0000 2 0.1347 1.2325 0.3581 0.0532 0.0406 0.0289
60.0000 167.3920 1 80.0000 0.0000 2 0.1362 1.2438 0.3522 0.1192 0.0433 0.0414
60.0000 167.3920 1 80.0000 0.0000 2 0.1285 1.4278 0.3675 0.0657 0.0484 0.0464
60.0000 167.3920 1 80.0000 0.0000 2 0.1323 1.1395 0.3753 0.0570 0.0417 0.0323
60.0000 167.3920 1 80.0000 0.0000 2 0.1309 0.9599 0.3691 0.0732 0.0421 0.0510
60.0000 167.3920 1 80.0000 0.0000 2 0.1293 1.1054 0.3949 0.0702 0.0452 0.0277
60.0000 167.3920 1 80.0000 0.0000 2 0.1226 1.1904 0.3532 0.0834 0.0455 0.0757
60.0000 167.3920 1 80.0000 0.0000 2 0.1368 1.2693 0.3594 0.0474 0.0544 0.0235
60.0000 167.3920 1 80.0000 0.0000 2 0.1022 1.0740 0.3611 0.0638 0.0367 0.0415
60.0000 167.3920 1 80.0000 0.0000 2 0.1219 1.1733 0.3772 0.0202 0.0423 0.0404
60.0000 167.3920 1 80.0000 0.0000 2 0.1304 1.2520 0.3436 0.1030 0.0440 0.0366
60.0000 167.3920 1 80.0000 0.0000 2 0.1532 1.1950 0.3499 0.0460 0.0521 0.0530
60.0000 167.3920 1 80.0000 0.0000 2 0.1436 1.1454 0.3470 0.0849 0.0370 0.0388
60.0000 167.3920 1 80.0000 0.0000 2 0.1081 1.0655 0.3560 0.0963 0.0515 0.0488
60.0000 167.3920 1 80.0000 0.0000 2 0.1298 1.1845 0.3669 0.0088 0.0473 0.0581
60.0000 167.3920 1 80.0000 0.0000 2 0.1470 1.2127 0.3665 0.0040 0.0489 0.0343
60.0000 167.3920 1 80.0000 0.0000 2 0.1355 1.0998 0.3568 0.0180 0.0520 0.0373
60.0000 167.3920 1 80.0000 0.0000 2 0.1393 1.2621 0.3648 0.0296 0.0500 0.0340
60.0000 167.3920 1 80.0000 0.0000 2 0.1183 1.1243 0.3811 0.0672 0.0385 0.0274
60.0000 167.3920 1 80.0000 0.0000 2 0.1384 1.2376 0.3640 0.0928 0.0350 0.0346
60.0000 167.3920 1 80.0000 0.0000 2 0.1247 1.0845 0.3888 0.0441 0.0507 0.0225
60.0000 167.3920 1 80.0000 0.0000 2 0.1154 1.2587 0.3923 0.0586 0.0450 0.0449
60.0000 167.3920 1 80.0000 0.0000 2 0.1498 1.2875 0.3783 0.1351 0.0387 0.0469
60.0000 167.3920 1 80.0000 0.0000 2 0.1456 1.3719 0.3848 0.0721 0.0491 0.0206
60.0000 167.3920 1 80.0000 0.0000 2 0.1404 1.1585 0.3732 0.0378 0.0325 0.0251
60.0000 167.3920 1 80.0000 0.0000 2 0.1266 1.3564 0.3403 0.0528 0.0469 0.0555
60.0000 167.3920 1 80.0000 0.0000 2 0.1377 1.3091 0.3710 0.0882 0.0412 0.0529
60.0000 167.3920 1 80.0000 0.0000 2 0.1415 1.2898 0.3586 0.0767 0.0495 0.0426
60.0000 167.3920 1 80.0000 0.0000 2 0.1135 1.1374 0.3763 0.0610 0.0430 0.0304
60.0000 167.3920 1 80.0000 0.0000 2 0.1238 1.1552 0.3655 0.0858 0.0436 0.0159
60.0000 167.3920 1 80.0000 0.0000 2 0.1166 1.3286 0.3974 0.0551 0.0462 0.0394
60.0000 167.3920 1 80.0000 0.0000 2 0.1403 1.3354 0.3616 0.1098 0.0457 0.0333
60.0000 167.3920 1 80.0000 0.0000 2 0.1235 1.1643 0.3514 0.0480 0.0405 0.0312
60.0000 167.3920 1 80.0000 0.0000 2 0.1175 1.1140 0.3549 0.1100 0.0566 0.0358
60.0000 167.3920 1 80.0000 0.0000 2 0.1330 1.2198 0.3740 0.0804 0.0471 0.0376
60.0000 167.3920 1 80.0000 0.0000 2 0.1199 1.3189 0.3352 0.0742 0.0427 0.0497
60.0000 167.3920 1 80.0000 0.0000 2 0.1283 1.2022 0.3799 0.0346 0.0466 0.0299
60.0000 167.3920 1 80.0000 0.0000 2 0.1251 1.1766 0.3682 0.0795 0.0642 0.0612
60.0000 167.3920 1 80.0000 0.0000 2 0.1481 1.2748 0.3817 0.0899 0.0480 0.0454
60.0000 167.3920 1 80.0000 0.0000 2 0.1338 1.1868 0.3637 0.0692 0.0505 0.0318
60.0000 167.3920 1 80.0000 0.0000 2 0.1277 1.1291 0.3723 0.0401 0.0399 0.0399
60.0000 167.3920 1 80.0000 0.0000 2 0.1259 1.0481 0.3774 0.0411 0.0531 0.0473
