60.0000 159.2617 1 80.0000 0.0000 2 0.1616 1.8920 3.7818 0.2085 0.1183 0.0505
60.0000 159.2617 1 80.0000 0.0000 2 0.1567 1.8803 3.4555 0.1687 0.1267 0.0589
60.0000 159.2617 1 80.0000 0.0000 2 0.1586 1.9238 3.6341 0.1098 0.1056 0.0609
60.0000 159.2617 1 80.0000 0.0000 2 0.1354 1.9295 4.1902 0.1202 0.1232 0.0366
60.0000 159.2617 1 80.0000 0.0000 2 0.1655 1.9094 4.3978 0.0680 0.1098 0.0679
60.0000 159.2617 1 80.0000 0.0000 2 0.1593 1.9281 4.2444 0.1566 0.0943 0.0447
60.0000 159.2617 1 80.0000 0.0000 2 0.1476 1.8871 4.3068 0.0196 0.0876 0.0419
60.0000 159.2617 1 80.0000 0.0000 2 0.1552 2.0098 5.2774 0.0997 0.1067 0.0632
60.0000 159.2617 1 80.0000 0.0000 2 0.1514 1.9463 4.7442 0.0981 0.1203 0.0640
60.0000 159.2617 1 80.0000 0.0000 2 0.1541 1.9519 4.5909 0.1598 0.1145 0.0511
60.0000 159.2617 1 80.0000 0.0000 2 0.1529 2.0007 3.9547 0.1348 0.1155 0.0571
60.0000 159.2617 1 80.0000 0.0000 2 0.1466 1.9531 4.1146 0.2515 0.1216 0.0568
60.0000 159.2617 1 80.0000 0.0000 2 0.1509 1.9911 3.3067 0.2271 0.1025 0.0563
60.0000 159.2617 1 80.0000 0.0000 2 0.1673 2.0252 3.2285 0.1409 0.1011 0.0642
60.0000 159.2617 1 80.0000 0.0000 2 0.1496 1.8881 3.5433 0.2468 0.1152 0.0515
60.0000 159.2617 1 80.0000 0.0000 2 0.1482 1.8499 3.0702 0.1797 0.1111 0.0451
60.0000 159.2617 1 80.0000 0.0000 2 0.1600 1.7444 4.0518 0.2736 0.1170 0.0619
60.0000 159.2617 1 80.0000 0.0000 2 0.1605 1.8364 3.7294 0.1158 0.1080 0.0471
60.0000 159.2617 1 80.0000 0.0000 2 0.1537 1.8522 3.6903 0.0576 0.1058 0.0602
60.0000 159.2617 1 80.0000 0.0000 2 0.1524 1.9438 3.3445 0.1667 0.1041 0.0600
60.0000 159.2617 1 80.0000 0.0000 2 0.1739 1.9015 4.8656 0.3232 0.1124 0.0531
60.0000 159.2617 1 80.0000 0.0000 2 0.1507 1.9199 3.0139 0.1858 0.0836 0.0486
60.0000 159.2617 1 80.0000 0.0000 2 0.1579 1.8280 3.8449 0.2954 0.1411 0.0497
60.0000 159.2617 1 80.0000 0.0000 2 0.1462 1.8679 3.5701 0.2097 0.1213 0.0564
60.0000 159.2617 1 80.0000 0.0000 2 0.1608 1.9661 3.7447 0.1935 0.1132 0.0552
60.0000 159.2617 1 80.0000 0.0000 2 0.1443 1.8166 4.0758 0.0778 0.0988 0.0554
60.0000 159.2617 1 80.0000 0.0000 2 0.1640 2.0641 3.2631 0.2359 0.1312 0.0583
60.0000 159.2617 1 80.0000 0.0000 2 0.1590 2.0308 3.3722 0.1884 0.1181 0.0702
60.0000 159.2617 1 80.0000 0.0000 2 0.1711 2.0989 3.3908 0.2785 0.1076 0.0654
60.0000 159.2617 1 80.0000 0.0000 2 0.1648 1.9579 3.6517 0.2213 0.1231 0.0501
60.0000 159.2617 1 80.0000 0.0000 2 0.1620 1.9832 2.5224 0.2541 0.0999 0.0623
60.0000 159.2617 1 80.0000 0.0000 2 0.1498 1.9377 2.8509 0.2624 0.1003 0.0489
60.0000 159.2617 1 80.0000 0.0000 2 0.1628 1.8735 3.9668 0.0187 0.1030 0.0671
60.0000 159.2617 1 80.0000 0.0000 2 0.1489 1.9739 3.4977 0.1744 0.1320 0.0529
60.0000 159.2617 1 80.0000 0.0000 2 0.1577 1.9842 3.4799 0.1993 0.1106 0.0470
60.0000 159.2617 1 80.0000 0.0000 2 0.1573 1.9973 5.5555 0.0854 0.0967 0.0547
60.0000 159.2617 1 80.0000 0.0000 2 0.1385 1.8621 3.4136 0.1222 0.1363 0.0541
60.0000 159.2617 1 80.0000 0.0000 2 0.1430 1.8070 4.5130 -0.0161 0.1245 0.0535
60.0000 159.2617 1 80.0000 0.0000 2 0.1663 1.8975 2.6823 0.2166 0.0908 0.0509
60.0000 159.2617 1 80.0000 0.0000 2 0.1546 2.0162 3.1167 0.2314 0.1095 0.0581
60.0000 159.2617 1 80.0000 0.0000 2 0.1554 1.9060 2.9350 0.0393 0.1117 0.0558
60.0000 159.2617 1 80.0000 0.0000 2 0.1695 1.9765 3.0372 0.2018 0.1260 0.0428
60.0000 159.2617 1 80.0000 0.0000 2 0.1632 1.7794 3.1729 0.1432 0.1191 0.0594
60.0000 159.2617 1 80.0000 0.0000 2 0.1518 1.9638 3.2152 0.1296 0.1293 0.0479
60.0000 159.2617 1 80.0000 0.0000 2 0.1679 2.0658 3.1593 0.3059 0.0974 0.0463
60.0000 159.2617 1 80.0000 0.0000 2 0.1418 1.8732 2.8021 0.1488 0.0930 0.0576
60.0000 159.2617 1 80.0000 0.0000 2 0.1562 1.9330 3.9148 0.3790 0.1163 0.0523
60.0000 159.2617 1 80.0000 0.0000 2 0.1558 1.8430 3.6012 0.3322 0.1091 0.0545
60.0000 159.2617 1 80.0000 0.0000 2 0.1455 2.0397 2.9241 0.1522 0.1140 0.0524
60.0000 159.2617 1 80.0000 0.0000 2 0.1533 1.9130 3.8335 0.0888 0.1043 0.0614
