60.0000 166.6188 1 80.0000 0.0000 2 0.1107 0.8750 0.7239 0.2235 0.0394 0.0291
60.0000 166.6188 1 80.0000 0.0000 2 0.1147 0.8075 0.7684 0.2151 0.0409 0.0153
60.0000 166.6188 1 80.0000 0.0000 2 0.0970 1.0351 0.7286 0.2222 0.0399 0.0140
60.0000 166.6188 1 80.0000 0.0000 2 0.1083 0.9474 0.7147 0.2103 0.0395 0.0050
60.0000 166.6188 1 80.0000 0.0000 2 0.1182 1.0146 0.6528 0.2207 0.0407 0.0071
60.0000 166.6188 1 80.0000 0.0000 2 0.1070 0.9097 0.6622 0.2130 0.0426 0.0221
60.0000 166.6188 1 80.0000 0.0000 2 0.1042 0.9807 0.7319 0.2108 0.0370 0.0170
60.0000 166.6188 1 80.0000 0.0000 2 0.1127 0.9718 0.7099 0.2231 0.0384 0.0092
60.0000 166.6188 1 80.0000 0.0000 2 0.1037 0.8668 0.7802 0.2144 0.0379 0.0244
60.0000 166.6188 1 80.0000 0.0000 2 0.0954 0.8588 0.7630 0.2165 0.0402 0.0166
60.0000 166.6188 1 80.0000 0.0000 2 0.1007 0.9921 0.7224 0.2167 0.0404 0.0275
60.0000 166.6188 1 80.0000 0.0000 2 0.1096 0.8694 0.7051 0.2363 0.0363 0.0173
60.0000 166.6188 1 80.0000 0.0000 2 0.1144 0.9405 0.6766 0.2268 0.0405 0.0231
60.0000 166.6188 1 80.0000 0.0000 2 0.1023 1.0422 0.7324 0.1909 0.0394 0.0211
60.0000 166.6188 1 80.0000 0.0000 2 0.1080 0.8989 0.7524 0.2183 0.0418 0.0226
60.0000 166.6188 1 80.0000 0.0000 2 0.1258 0.9153 0.6670 0.2244 0.0404 0.0149
60.0000 166.6188 1 80.0000 0.0000 2 0.1062 0.8915 0.7566 0.2085 0.0372 0.0306
60.0000 166.6188 1 80.0000 0.0000 2 0.1133 1.0234 0.6917 0.2072 0.0374 0.0192
60.0000 166.6188 1 80.0000 0.0000 2 0.1073 0.9578 0.7466 0.2285 0.0393 0.0145
60.0000 166.6188 1 80.0000 0.0000 2 0.1092 0.7623 0.6861 0.2225 0.0429 0.0194
60.0000 166.6188 1 80.0000 0.0000 2 0.1088 1.0653 0.6966 0.2192 0.0417 0.0369
60.0000 166.6188 1 80.0000 0.0000 2 0.1018 0.9318 0.7204 0.2250 0.0388 0.0223
60.0000 166.6188 1 80.0000 0.0000 2 0.1156 0.8504 0.7356 0.2248 0.0376 0.0288
60.0000 166.6188 1 80.0000 0.0000 2 0.0944 0.8527 0.7410 0.2379 0.0386 0.0237
60.0000 166.6188 1 80.0000 0.0000 2 0.1100 1.0091 0.7419 0.2055 0.0420 0.0316
60.0000 166.6188 1 80.0000 0.0000 2 0.0933 0.9590 0.6796 0.2197 0.0364 0.0280
60.0000 166.6188 1 80.0000 0.0000 2 0.1202 0.9998 0.6964 0.2212 0.0385 0.0188
60.0000 166.6188 1 80.0000 0.0000 2 0.1169 0.8786 0.7191 0.2206 0.0398 0.0268
60.0000 166.6188 1 80.0000 0.0000 2 0.1109 0.9895 0.6933 0.2180 0.0379 0.0120
60.0000 166.6188 1 80.0000 0.0000 2 0.1221 0.9112 0.6809 0.2256 0.0410 0.0258
60.0000 166.6188 1 80.0000 0.0000 2 0.1058 0.9263 0.7024 0.2334 0.0384 0.0179
60.0000 166.6188 1 80.0000 0.0000 2 0.1046 0.9059 0.7008 0.2012 0.0434 0.0204
60.0000 166.6188 1 80.0000 0.0000 2 0.1190 0.8888 0.7073 0.2148 0.0392 0.0269
60.0000 166.6188 1 80.0000 0.0000 2 0.1119 0.8015 0.7270 0.2124 0.0391 0.0351
60.0000 166.6188 1 80.0000 0.0000 2 0.1207 0.8228 0.6699 0.2295 0.0368 0.0183
60.0000 166.6188 1 80.0000 0.0000 2 0.1239 0.9389 0.7088 0.2082 0.0396 0.0211
60.0000 166.6188 1 80.0000 0.0000 2 0.1177 1.0869 0.7133 0.2310 0.0377 0.0320
60.0000 166.6188 1 80.0000 0.0000 2 0.1141 0.9630 0.6986 0.2035 0.0422 0.0132
60.0000 166.6188 1 80.0000 0.0000 2 0.1116 0.8404 0.6599 0.2156 0.0381 0.0107
60.0000 166.6188 1 80.0000 0.0000 2 0.1014 0.9469 0.6882 0.2136 0.0411 0.0250
60.0000 166.6188 1 80.0000 0.0000 2 0.1000 0.8335 0.6837 0.2117 0.0389 0.0263
60.0000 166.6188 1 80.0000 0.0000 2 0.0995 0.9548 0.7479 0.2175 0.0413 0.0300
60.0000 166.6188 1 80.0000 0.0000 2 0.1329 0.9329 0.7378 0.2272 0.0382 0.0203
60.0000 166.6188 1 80.0000 0.0000 2 0.1065 0.9239 0.7115 0.2279 0.0355 0.0252
60.0000 166.6188 1 80.0000 0.0000 2 0.1051 0.9686 0.6903 0.2409 0.0388 0.0215
60.0000 166.6188 1 80.0000 0.0000 2 0.1125 0.9770 0.7251 0.2304 0.0343 0.0241
60.0000 166.6188 1 80.0000 0.0000 2 0.1033 1.0015 0.6418 0.2322 0.0412 0.0234
60.0000 166.6188 1 80.0000 0.0000 2 0.0979 0.9023 0.7048 0.2189 0.0400 0.0340
60.0000 166.6188 1 80.0000 0.0000 2 0.1163 0.8838 0.6735 0.2039 0.0402 0.0160
60.0000 166.6188 1 80.0000 0.0000 2 0.0880 0.9195 0.7170 0.2096 0.0397 0.0196
