60.0000 176.8621 1 80.0000 0.0000 2 0.1639 3.5954 1.3555 0.1444 0.1657 0.0749
60.0000 176.8621 1 80.0000 0.0000 2 0.1589 3.5508 1.3633 0.1507 0.1558 0.0718
60.0000 176.8621 1 80.0000 0.0000 2 0.1579 3.4202 1.3724 0.1486 0.1626 0.0789
60.0000 176.8621 1 80.0000 0.0000 2 0.1695 3.5457 1.3352 0.1421 0.1720 0.0786
60.0000 176.8621 1 80.0000 0.0000 2 0.1662 3.5202 1.3170 0.1558 0.1750 0.0782
60.0000 176.8621 1 80.0000 0.0000 2 0.1577 3.6191 1.3777 0.1435 0.1644 0.0777
60.0000 176.8621 1 80.0000 0.0000 2 0.1763 3.4374 1.3375 0.1586 0.1635 0.0903
60.0000 176.8621 1 80.0000 0.0000 2 0.1595 3.4490 1.3628 0.1396 0.1707 0.0829
60.0000 176.8621 1 80.0000 0.0000 2 0.1700 3.4450 1.3239 0.1729 0.1581 0.0998
60.0000 176.8621 1 80.0000 0.0000 2 0.1515 3.6589 1.3737 0.1358 0.1510 0.0814
60.0000 176.8621 1 80.0000 0.0000 2 0.1598 3.5156 1.3465 0.1602 0.1785 0.0855
60.0000 176.8621 1 80.0000 0.0000 2 0.1612 3.4987 1.3585 0.1450 0.1603 0.0823
60.0000 176.8621 1 80.0000 0.0000 2 0.1546 3.5069 1.3663 0.1651 0.1532 0.0889
60.0000 176.8621 1 80.0000 0.0000 2 0.1618 3.5287 1.3779 0.1307 0.1586 0.0762
60.0000 176.8621 1 80.0000 0.0000 2 0.1641 3.4283 1.3471 0.1415 0.1981 0.0725
60.0000 176.8621 1 80.0000 0.0000 2 0.1720 3.4520 1.3392 0.1430 0.1555 0.0799
60.0000 176.8621 1 80.0000 0.0000 2 0.1672 3.5814 1.3535 0.1495 0.1537 0.0861
60.0000 176.8621 1 80.0000 0.0000 2 0.1611 3.6458 1.3432 0.1482 0.1691 0.0880
60.0000 176.8621 1 80.0000 0.0000 2 0.1560 3.6329 1.3590 0.1183 0.1663 0.0865
60.0000 176.8621 1 80.0000 0.0000 2 0.1665 3.5382 1.3650 0.1584 0.1596 0.0700
60.0000 176.8621 1 80.0000 0.0000 2 0.1647 3.5863 1.3695 0.1499 0.1613 0.0926
60.0000 176.8621 1 80.0000 0.0000 2 0.1650 3.3297 1.3544 0.1527 0.1591 0.0871
60.0000 176.8621 1 80.0000 0.0000 2 0.1653 3.5555 1.3336 0.1596 0.1504 0.0851
60.0000 176.8621 1 80.0000 0.0000 2 0.1506 3.4690 1.3613 0.1610 0.1687 0.0820
60.0000 176.8621 1 80.0000 0.0000 2 0.1732 3.4851 1.3567 0.1639 0.1426 0.0969
60.0000 176.8621 1 80.0000 0.0000 2 0.1600 3.7319 1.3316 0.1320 0.1648 0.0767
60.0000 176.8621 1 80.0000 0.0000 2 0.1630 3.6157 1.3451 0.1739 0.1803 0.0836
60.0000 176.8621 1 80.0000 0.0000 2 0.1634 3.5666 1.3513 0.1618 0.1462 0.0895
60.0000 176.8621 1 80.0000 0.0000 2 0.1627 3.6104 1.3086 0.1510 0.1610 0.0947
60.0000 176.8621 1 80.0000 0.0000 2 0.1584 3.4616 1.3425 0.1634 0.1630 0.0812
60.0000 176.8621 1 80.0000 0.0000 2 0.1536 3.5636 1.3707 0.1664 0.1677 0.0734
60.0000 176.8621 1 80.0000 0.0000 2 0.1585 3.5329 1.3380 0.1539 0.1736 0.0906
60.0000 176.8621 1 80.0000 0.0000 2 0.1687 3.4906 1.3861 0.1333 0.1733 0.0699
60.0000 176.8621 1 80.0000 0.0000 2 0.1566 3.4639 1.3409 0.1261 0.1776 0.0681
60.0000 176.8621 1 80.0000 0.0000 2 0.1603 3.5593 1.3325 0.1461 0.1838 0.0797
60.0000 176.8621 1 80.0000 0.0000 2 0.1658 3.3751 1.3256 0.1570 0.1696 0.0985
60.0000 176.8621 1 80.0000 0.0000 2 0.1569 3.4093 1.3519 0.1353 0.1468 0.0654
60.0000 176.8621 1 80.0000 0.0000 2 0.1677 3.5104 1.3506 0.1475 0.1548 0.0754
60.0000 176.8621 1 80.0000 0.0000 2 0.1655 3.5416 1.3460 0.1795 0.1573 0.0927
60.0000 176.8621 1 80.0000 0.0000 2 0.1605 3.4742 1.3534 0.1544 0.1402 0.0843
60.0000 176.8621 1 80.0000 0.0000 2 0.1615 3.3884 1.3412 0.1576 0.1763 0.0671
60.0000 176.8621 1 80.0000 0.0000 2 0.1553 3.4810 1.3604 0.1387 0.1672 0.0737
60.0000 176.8621 1 80.0000 0.0000 2 0.1681 3.5718 1.3491 0.1704 0.1657 0.0620
60.0000 176.8621 1 80.0000 0.0000 2 0.1633 3.4944 1.3284 0.1690 0.1619 0.0758
60.0000 176.8621 1 80.0000 0.0000 2 0.1624 3.5233 1.3811 0.1533 0.1563 0.1066
60.0000 176.8621 1 80.0000 0.0000 2 0.1671 3.6649 1.4146 0.1522 0.1486 0.0808
60.0000 176.8621 1 80.0000 0.0000 2 0.1688 3.5264 1.3688 0.1401 0.1715 0.0935
60.0000 176.8621 1 80.0000 0.0000 2 0.1643 3.5807 1.3483 0.1469 0.1490 0.0841
60.0000 176.8621 1 80.0000 0.0000 2 0.1622 3.5978 1.3576 0.1371 0.1342 0.0917
60.0000 176.8621 1 80.0000 0.0000 2 0.1710 3.5039 1.3664 0.1554 0.1522 0.0877
