60.0000 167.6972 1 80.0000 0.0000 2 0.0839 3.1525 0.2647 0.1410 0.0532 0.0146
60.0000 167.6972 1 80.0000 0.0000 2 0.0906 3.0477 0.2321 0.1102 0.0502 0.0175
60.0000 167.6972 1 80.0000 0.0000 2 0.0883 3.0946 0.2590 0.1479 0.0455 0.0126
60.0000 167.6972 1 80.0000 0.0000 2 0.0857 2.9983 0.2948 0.1148 0.0513 0.0155
60.0000 167.6972 1 80.0000 0.0000 2 0.0889 3.1940 0.2112 0.1301 0.0504 0.0197
60.0000 167.6972 1 80.0000 0.0000 2 0.0920 3.0646 0.2085 0.1370 0.0468 0.0132
60.0000 167.6972 1 80.0000 0.0000 2 0.0937 3.1208 0.2376 0.1548 0.0508 0.0127
60.0000 167.6972 1 80.0000 0.0000 2 0.0869 3.2221 0.2333 0.1179 0.0470 0.0172
60.0000 167.6972 1 80.0000 0.0000 2 0.0912 3.1330 0.2546 0.1583 0.0526 0.0147
60.0000 167.6972 1 80.0000 0.0000 2 0.0878 3.1795 0.2281 0.1453 0.0512 0.0157
60.0000 167.6972 1 80.0000 0.0000 2 0.0988 3.1165 0.2446 0.1521 0.0452 0.0177
60.0000 167.6972 1 80.0000 0.0000 2 0.0933 3.2434 0.2560 0.1047 0.0542 0.0178
60.0000 167.6972 1 80.0000 0.0000 2 0.0865 3.1095 0.2265 0.1420 0.0490 0.0187
60.0000 167.6972 1 80.0000 0.0000 2 0.0983 3.1719 0.2297 0.0834 0.0517 0.0190
60.0000 167.6972 1 80.0000 0.0000 2 0.0829 3.0755 0.2623 0.1247 0.0472 0.0182
60.0000 167.6972 1 80.0000 0.0000 2 0.0843 3.0676 0.2184 0.1258 0.0523 0.0167
60.0000 167.6972 1 80.0000 0.0000 2 0.0904 3.1012 0.2526 0.1228 0.0487 0.0202
60.0000 167.6972 1 80.0000 0.0000 2 0.0924 3.1867 0.2416 0.1490 0.0498 0.0085
60.0000 167.6972 1 80.0000 0.0000 2 0.0835 3.1029 0.2386 0.1185 0.0461 0.0118
60.0000 167.6972 1 80.0000 0.0000 2 0.0894 2.9568 0.2212 0.1428 0.0504 0.0166
60.0000 167.6972 1 80.0000 0.0000 2 0.0856 2.9204 0.2251 0.1631 0.0476 0.0172
60.0000 167.6972 1 80.0000 0.0000 2 0.0910 3.1663 0.2350 0.1338 0.0492 0.0149
60.0000 167.6972 1 80.0000 0.0000 2 0.0930 3.2310 0.2395 0.1341 0.0509 0.0169
60.0000 167.6972 1 80.0000 0.0000 2 0.0798 2.9901 0.2317 0.1438 0.0520 0.0179
60.0000 167.6972 1 80.0000 0.0000 2 0.0921 2.9777 0.2339 0.1460 0.0499 0.0162
60.0000 167.6972 1 80.0000 0.0000 2 0.0960 3.0910 0.2528 0.1274 0.0514 0.0140
60.0000 167.6972 1 80.0000 0.0000 2 0.0875 3.0262 0.2487 0.1266 0.0439 0.0154
60.0000 167.6972 1 80.0000 0.0000 2 0.0945 3.1585 0.2293 0.1208 0.0510 0.0137
60.0000 167.6972 1 80.0000 0.0000 2 0.0814 3.1394 0.2268 0.1234 0.0466 0.0150
60.0000 167.6972 1 80.0000 0.0000 2 0.0932 3.1124 0.2459 0.1359 0.0506 0.0137
60.0000 167.6972 1 80.0000 0.0000 2 0.0897 3.1695 0.2193 0.1328 0.0569 0.0152
60.0000 167.6972 1 80.0000 0.0000 2 0.0891 3.3375 0.2236 0.1393 0.0529 0.0185
60.0000 167.6972 1 80.0000 0.0000 2 0.0916 3.2613 0.2438 0.1324 0.0495 0.0171
60.0000 167.6972 1 80.0000 0.0000 2 0.0850 3.2856 0.2407 0.1504 0.0523 0.0105
60.0000 167.6972 1 80.0000 0.0000 2 0.0970 3.2165 0.2489 0.1400 0.0497 0.0139
60.0000 167.6972 1 80.0000 0.0000 2 0.0899 3.0049 0.2231 0.1201 0.0551 0.0153
60.0000 167.6972 1 80.0000 0.0000 2 0.0775 3.2549 0.2505 0.1291 0.0475 0.0122
60.0000 167.6972 1 80.0000 0.0000 2 0.0952 3.0366 0.2700 0.1379 0.0460 0.0143
60.0000 167.6972 1 80.0000 0.0000 2 0.0994 3.0579 0.2132 0.1314 0.0501 0.0144
60.0000 167.6972 1 80.0000 0.0000 2 0.1031 3.0183 0.1929 0.1169 0.0481 0.0112
60.0000 167.6972 1 80.0000 0.0000 2 0.0914 3.0818 0.2424 0.1220 0.0517 0.0221
60.0000 167.6972 1 80.0000 0.0000 2 0.0974 3.1280 0.2471 0.1285 0.0479 0.0193
60.0000 167.6972 1 80.0000 0.0000 2 0.0885 3.0825 0.2035 0.1386 0.0494 0.0159
60.0000 167.6972 1 80.0000 0.0000 2 0.0950 3.1502 0.2358 0.1140 0.0479 0.0156
60.0000 167.6972 1 80.0000 0.0000 2 0.0879 3.1975 0.2308 0.1025 0.0483 0.0164
60.0000 167.6972 1 80.0000 0.0000 2 0.0862 3.2028 0.2156 0.1129 0.0487 0.0207
60.0000 167.6972 1 80.0000 0.0000 2 0.0965 3.0424 0.2200 0.1351 0.0493 0.0164
60.0000 167.6972 1 80.0000 0.0000 2 0.0942 3.1364 0.2153 0.1253 0.0484 0.0135
60.0000 167.6972 1 80.0000 0.0000 2 0.0954 3.0514 0.2432 0.1079 0.0538 0.0161
60.0000 167.6972 1 80.0000 0.0000 2 0.1006 3.1444 0.2365 0.1309 0.0489 0.0131
