60.0000 168.5381 1 80.0000 0.0000 2 0.1336 0.6961 0.2601 -0.0325 -0.0305 0.1873
60.0000 168.5381 1 80.0000 0.0000 2 0.1206 0.8170 0.2488 0.0387 0.0035 -0.1192
60.0000 168.5381 1 80.0000 0.0000 2 0.1636 0.6499 0.2497 0.0794 -0.0113 -0.2196
60.0000 168.5381 1 80.0000 0.0000 2 0.1361 0.6856 0.2475 0.0184 0.0205 0.0807
60.0000 168.5381 1 80.0000 0.0000 2 0.1613 0.7240 0.2127 0.0576 0.1931 -0.0068
60.0000 168.5381 1 80.0000 0.0000 2 0.1563 0.6608 0.2400 0.0025 0.2542 0.3623
60.0000 168.5381 1 80.0000 0.0000 2 0.1320 0.7699 0.2511 -0.0104 -0.0219 -0.1737
60.0000 168.5381 1 80.0000 0.0000 2 0.1416 0.6891 0.2281 0.0113 0.1095 0.0473
60.0000 168.5381 1 80.0000 0.0000 2 0.1160 0.4365 0.2425 0.0152 0.0861 0.2282
60.0000 168.5381 1 80.0000 0.0000 2 0.1845 0.7725 0.2549 0.0006 0.0815 -0.1283
60.0000 168.5381 1 80.0000 0.0000 2 0.1670 0.6336 0.2559 -0.0234 -0.1547 0.0674
60.0000 168.5381 1 80.0000 0.0000 2 0.1471 0.6417 0.2367 0.0374 -0.1733 -0.3436
60.0000 168.5381 1 80.0000 0.0000 2 0.1447 0.8184 0.2508 0.0243 -0.0425 -0.1576
60.0000 168.5381 1 80.0000 0.0000 2 0.1567 0.7036 0.2461 0.0407 0.0760 0.4946
60.0000 168.5381 1 80.0000 0.0000 2 0.1244 0.6780 0.2832 -0.0084 0.1621 0.0837
60.0000 168.5381 1 80.0000 0.0000 2 0.1021 0.7116 0.2661 -0.0202 0.1451 -0.2723
60.0000 168.5381 1 80.0000 0.0000 2 0.1804 0.6179 0.2539 -0.0168 -0.0171 0.1049
60.0000 168.5381 1 80.0000 0.0000 2 0.1171 0.9461 0.2419 -0.0143 0.1401 0.0519
60.0000 168.5381 1 80.0000 0.0000 2 0.1516 0.6688 0.2406 0.0736 0.0145 0.2995
60.0000 168.5381 1 80.0000 0.0000 2 0.1747 0.7872 0.2620 0.0280 -0.0346 -0.0628
60.0000 168.5381 1 80.0000 0.0000 2 0.1624 0.5922 0.2327 0.0193 0.0215 0.1162
60.0000 168.5381 1 80.0000 0.0000 2 0.1544 0.7770 0.2390 0.0260 0.1536 -0.0012
60.0000 168.5381 1 80.0000 0.0000 2 0.1302 0.8523 0.2449 0.0426 0.0664 0.2723
60.0000 168.5381 1 80.0000 0.0000 2 0.1692 0.9124 0.2469 0.0453 0.1323 -0.0756
60.0000 168.5381 1 80.0000 0.0000 2 0.1382 0.5610 0.2415 -0.0037 -0.0606 -0.0440
60.0000 168.5381 1 80.0000 0.0000 2 0.1485 0.7638 0.2556 0.0691 -0.0702 0.0137
60.0000 168.5381 1 80.0000 0.0000 2 0.1265 0.6251 0.2570 0.0460 -0.1102 0.2478
60.0000 168.5381 1 80.0000 0.0000 2 0.1578 0.6078 0.2314 0.0086 -0.0053 -0.4784
60.0000 168.5381 1 80.0000 0.0000 2 0.1457 0.7910 0.2372 0.0217 0.1029 0.4751
60.0000 168.5381 1 80.0000 0.0000 2 0.1372 0.7408 0.2432 -0.0365 0.2688 -0.1863
60.0000 168.5381 1 80.0000 0.0000 2 0.1722 0.8372 0.2455 0.0131 -0.0496 -0.2088
60.0000 168.5381 1 80.0000 0.0000 2 0.1115 0.8016 0.2192 0.0044 -0.0902 0.3306
60.0000 168.5381 1 80.0000 0.0000 2 0.1097 0.8064 0.2738 0.0923 0.0072 0.1732
60.0000 168.5381 1 80.0000 0.0000 2 0.0955 0.5710 0.2533 0.0072 0.0958 0.0943
60.0000 168.5381 1 80.0000 0.0000 2 0.1761 0.8625 0.2237 0.0166 0.0515 0.1371
60.0000 168.5381 1 80.0000 0.0000 2 0.1656 0.7180 0.2346 -0.0009 0.0690 -0.0554
60.0000 168.5381 1 80.0000 0.0000 2 0.1232 0.6989 0.2616 0.1061 0.0409 0.0206
60.0000 168.5381 1 80.0000 0.0000 2 0.1289 0.7460 0.2380 0.0642 0.1225 -0.0328
60.0000 168.5381 1 80.0000 0.0000 2 0.1528 0.7161 0.2317 0.0584 0.2225 -0.3135
60.0000 168.5381 1 80.0000 0.0000 2 0.1431 0.7499 0.2583 0.0290 0.1714 0.1419
60.0000 168.5381 1 80.0000 0.0000 2 0.1491 0.7302 0.2256 0.0684 0.0981 -0.1011
60.0000 168.5381 1 80.0000 0.0000 2 0.1906 0.7351 0.2522 0.0495 0.0602 0.2026
60.0000 168.5381 1 80.0000 0.0000 2 0.1592 0.6713 0.2646 0.0541 -0.0849 0.0318
60.0000 168.5381 1 80.0000 0.0000 2 0.1889 0.7557 0.2293 0.0304 0.0360 0.2818
60.0000 168.5381 1 80.0000 0.0000 2 0.1338 0.5861 0.2350 0.0340 0.2024 -0.0140
60.0000 168.5381 1 80.0000 0.0000 2 0.1510 0.8318 0.2692 -0.0064 -0.1206 0.1567
60.0000 168.5381 1 80.0000 0.0000 2 0.1709 0.8770 0.2442 -0.0434 0.0530 0.1803
60.0000 168.5381 1 80.0000 0.0000 2 0.1417 0.5262 0.2586 -0.0658 0.0304 0.2440
60.0000 168.5381 1 80.0000 0.0000 2 0.1981 0.6270 0.2667 0.0517 0.1203 0.4122
60.0000 168.5381 1 80.0000 0.0000 2 0.1398 0.6544 0.2484 0.0325 0.0457 -0.0907
