60.0000 176.0898 1 80.0000 0.0000 2 -0.2798 2.1668 0.3567 0.2731 -0.1078 0.3089
60.0000 176.0898 1 80.0000 0.0000 2 -1.7403 2.2103 0.3593 0.2889 0.0998 -0.2693
60.0000 176.0898 1 80.0000 0.0000 2 0.1637 2.1947 0.3777 0.2922 -0.0109 0.0459
60.0000 176.0898 1 80.0000 0.0000 2 0.4400 2.2517 0.3654 0.3076 -0.0045 -0.3540
60.0000 176.0898 1 80.0000 0.0000 2 0.6269 2.1537 0.3612 0.3044 -0.2584 -0.3211
60.0000 176.0898 1 80.0000 0.0000 2 0.3417 2.2817 0.3847 0.3485 -0.0703 0.0327
60.0000 176.0898 1 80.0000 0.0000 2 -1.0747 2.2370 0.3804 0.3033 0.1617 0.6487
60.0000 176.0898 1 80.0000 0.0000 2 1.3794 2.1994 0.3731 0.2915 -0.0469 0.1340
60.0000 176.0898 1 80.0000 0.0000 2 0.2338 2.2046 0.3886 0.2932 0.0528 0.1968
60.0000 176.0898 1 80.0000 0.0000 2 0.2871 2.2326 0.3648 0.2804 -0.0621 -0.0571
60.0000 176.0898 1 80.0000 0.0000 2 0.1947 2.2216 0.3789 0.2790 -0.0390 -0.0822
60.0000 176.0898 1 80.0000 0.0000 2 1.6260 2.2545 0.4005 0.3155 0.2111 0.1825
60.0000 176.0898 1 80.0000 0.0000 2 1.0962 2.2084 0.3701 0.2879 0.1494 -0.1403
60.0000 176.0898 1 80.0000 0.0000 2 -0.4815 2.2277 0.3860 0.2953 0.0186 0.1107
60.0000 176.0898 1 80.0000 0.0000 2 0.7727 2.3239 0.3766 0.3145 -0.0590 0.1217
60.0000 176.0898 1 80.0000 0.0000 2 1.3346 2.1890 0.3743 0.2985 0.5949 -0.1040
60.0000 176.0898 1 80.0000 0.0000 2 0.6753 2.2393 0.3799 0.2415 -0.1483 0.2669
60.0000 176.0898 1 80.0000 0.0000 2 -0.3897 2.1569 0.3752 0.3097 0.1163 0.4271
60.0000 176.0898 1 80.0000 0.0000 2 -1.1423 2.1426 0.3733 0.3016 0.0752 -0.1301
60.0000 176.0898 1 80.0000 0.0000 2 -1.4111 2.2159 0.3671 0.2907 -0.1689 -0.0707
60.0000 176.0898 1 80.0000 0.0000 2 -0.0122 2.2870 0.3633 0.3064 0.2051 -0.1741
60.0000 176.0898 1 80.0000 0.0000 2 0.5025 2.1871 0.3837 0.2816 0.0096 0.2404
60.0000 176.0898 1 80.0000 0.0000 2 -0.1641 2.2201 0.3696 0.2767 -0.0807 0.3567
60.0000 176.0898 1 80.0000 0.0000 2 -0.7669 2.1830 0.3728 0.3054 0.1767 -0.2158
60.0000 176.0898 1 80.0000 0.0000 2 -0.7529 2.2645 0.3790 0.3308 -0.0223 0.4320
60.0000 176.0898 1 80.0000 0.0000 2 1.2356 2.2478 0.3813 0.2895 0.2870 0.3189
60.0000 176.0898 1 80.0000 0.0000 2 -1.3443 2.3018 0.3713 0.3194 0.0196 -0.3773
60.0000 176.0898 1 80.0000 0.0000 2 0.9121 2.2250 0.3676 0.2858 0.0951 0.1639
60.0000 176.0898 1 80.0000 0.0000 2 -0.5741 2.2118 0.3683 0.2849 0.1286 -0.0106
60.0000 176.0898 1 80.0000 0.0000 2 0.6012 2.2436 0.3645 0.3244 0.1265 -0.5729
60.0000 176.0898 1 80.0000 0.0000 2 -0.6515 2.1794 0.3769 0.2748 0.0339 -0.1978
60.0000 176.0898 1 80.0000 0.0000 2 -0.3495 2.2483 0.3669 0.2836 -0.2073 0.2447
60.0000 176.0898 1 80.0000 0.0000 2 1.4766 2.2697 0.3825 0.3092 0.1090 -0.2371
60.0000 176.0898 1 80.0000 0.0000 2 2.3667 2.2170 0.3759 0.2699 0.0027 0.0906
60.0000 176.0898 1 80.0000 0.0000 2 -2.4796 2.2902 0.3819 0.3129 0.0433 -0.6695
60.0000 176.0898 1 80.0000 0.0000 2 -0.8868 2.2714 0.3721 0.2967 0.1367 -0.2798
60.0000 176.0898 1 80.0000 0.0000 2 -0.1169 2.2600 0.3762 0.2960 0.2503 -0.0249
60.0000 176.0898 1 80.0000 0.0000 2 0.8391 2.1925 0.3641 0.3232 -0.1433 0.2072
60.0000 176.0898 1 80.0000 0.0000 2 1.8096 2.2664 0.3779 0.3003 -0.1223 0.7974
60.0000 176.0898 1 80.0000 0.0000 2 0.0438 2.3448 0.3750 0.2675 0.0668 0.3842
60.0000 176.0898 1 80.0000 0.0000 2 0.1139 2.2752 0.3719 0.2617 0.1649 0.4856
60.0000 176.0898 1 80.0000 0.0000 2 0.9400 2.1731 0.3504 0.2998 0.1916 0.5298
60.0000 176.0898 1 80.0000 0.0000 2 -0.2025 2.2422 0.3703 0.2708 0.0683 0.0150
60.0000 176.0898 1 80.0000 0.0000 2 -0.5353 2.2955 0.3712 0.2944 0.0319 -0.4089
60.0000 176.0898 1 80.0000 0.0000 2 -0.9484 2.2030 0.3622 0.3169 0.2397 -0.4418
60.0000 176.0898 1 80.0000 0.0000 2 -1.5713 2.2345 0.3691 0.3027 -0.0328 0.0647
60.0000 176.0898 1 80.0000 0.0000 2 -0.0527 2.1171 0.3606 0.3111 0.2894 -0.5156
60.0000 176.0898 1 80.0000 0.0000 2 0.4293 2.2578 0.3660 0.2866 0.0824 0.0779
60.0000 176.0898 1 80.0000 0.0000 2 1.9917 2.2287 0.3737 0.2819 0.0548 -0.1652
60.0000 176.0898 1 80.0000 0.0000 2 1.0362 2.3114 0.3688 0.2974 -0.0937 -0.0324
