60.0000 161.3587 1 80.0000 0.0000 2 0.1770 1.9523 3.8603 0.1277 0.1123 0.0323
60.0000 161.3587 1 80.0000 0.0000 2 0.1598 1.9119 4.2771 0.0891 0.0791 0.0376
60.0000 161.3587 1 80.0000 0.0000 2 0.1825 1.8560 4.0497 0.0946 0.0979 0.0337
60.0000 161.3587 1 80.0000 0.0000 2 0.1742 1.8813 3.6358 0.1008 0.0889 0.0262
60.0000 161.3587 1 80.0000 0.0000 2 0.1055 1.8133 3.6898 0.0748 0.0845 0.0326
60.0000 161.3587 1 80.0000 0.0000 2 0.1566 1.8025 4.1308 0.1079 0.0936 0.0342
60.0000 161.3587 1 80.0000 0.0000 2 0.1589 1.9316 3.9117 0.1096 0.0846 0.0439
60.0000 161.3587 1 80.0000 0.0000 2 0.1445 1.8092 3.8056 0.0731 0.0856 0.0298
60.0000 161.3587 1 80.0000 0.0000 2 0.1581 1.8746 4.0953 0.0993 0.0920 0.0305
60.0000 161.3587 1 80.0000 0.0000 2 0.1674 1.7651 4.0141 0.1017 0.0932 0.0299
60.0000 161.3587 1 80.0000 0.0000 2 0.1484 1.9351 3.6734 0.1022 0.0897 0.0406
60.0000 161.3587 1 80.0000 0.0000 2 0.1632 1.9162 3.8814 0.0827 0.0726 0.0354
60.0000 161.3587 1 80.0000 0.0000 2 0.1451 1.8846 3.8609 0.1045 0.0998 0.0314
60.0000 161.3587 1 80.0000 0.0000 2 0.1802 1.8700 4.0249 0.1325 0.1023 0.0399
60.0000 161.3587 1 80.0000 0.0000 2 0.1752 1.8541 3.7314 0.1238 0.0901 0.0284
60.0000 161.3587 1 80.0000 0.0000 2 0.1399 1.7733 3.7141 0.1071 0.0924 0.0213
60.0000 161.3587 1 80.0000 0.0000 2 0.1853 1.8344 3.9357 0.1113 0.0991 0.0369
60.0000 161.3587 1 80.0000 0.0000 2 0.1348 1.9554 3.7440 0.0798 0.0894 0.0331
60.0000 161.3587 1 80.0000 0.0000 2 0.1723 1.8670 3.8289 0.1053 0.1057 0.0456
60.0000 161.3587 1 80.0000 0.0000 2 0.1640 1.7523 3.6594 0.1040 0.0904 0.0270
60.0000 161.3587 1 80.0000 0.0000 2 0.1554 1.9021 3.5690 0.0967 0.0952 0.0311
60.0000 161.3587 1 80.0000 0.0000 2 0.1609 1.8018 3.9660 0.0812 0.0862 0.0359
60.0000 161.3587 1 80.0000 0.0000 2 0.1671 1.8367 3.9245 0.0765 0.0906 0.0344
60.0000 161.3587 1 80.0000 0.0000 2 0.1788 1.9389 4.0059 0.0623 0.0980 0.0351
60.0000 161.3587 1 80.0000 0.0000 2 0.1625 1.8901 3.9804 0.0928 0.0816 0.0279
60.0000 161.3587 1 80.0000 0.0000 2 0.1652 1.8656 4.1427 0.0833 0.0955 0.0393
60.0000 161.3587 1 80.0000 0.0000 2 0.1702 1.8590 3.7964 0.1173 0.0766 0.0363
60.0000 161.3587 1 80.0000 0.0000 2 0.1462 1.8460 3.8421 0.1164 0.1010 0.0320
60.0000 161.3587 1 80.0000 0.0000 2 0.1712 1.8411 4.1829 0.1142 0.0948 0.0339
60.0000 161.3587 1 80.0000 0.0000 2 0.1518 1.8889 4.1605 0.1197 0.0852 0.0348
60.0000 161.3587 1 80.0000 0.0000 2 0.1755 1.8972 3.9074 0.0688 0.0868 0.0356
60.0000 161.3587 1 80.0000 0.0000 2 0.1588 1.8185 3.8955 0.0660 0.0879 0.0328
60.0000 161.3587 1 80.0000 0.0000 2 0.1386 1.9184 3.9952 0.0978 0.0911 0.0401
60.0000 161.3587 1 80.0000 0.0000 2 0.1487 1.8495 4.2292 0.0574 0.0944 0.0431
60.0000 161.3587 1 80.0000 0.0000 2 0.1512 1.9228 3.8148 0.0899 0.0966 0.0423
60.0000 161.3587 1 80.0000 0.0000 2 0.1549 2.0298 3.7602 0.0885 0.0885 0.0379
60.0000 161.3587 1 80.0000 0.0000 2 0.1906 1.8770 4.0712 0.0843 0.0834 0.0416
60.0000 161.3587 1 80.0000 0.0000 2 0.1646 1.8624 3.7839 0.0855 0.0926 0.0381
60.0000 161.3587 1 80.0000 0.0000 2 0.1683 1.8411 4.3386 0.1221 0.0970 0.0386
60.0000 161.3587 1 80.0000 0.0000 2 0.1529 1.9739 3.9500 0.0982 0.0827 0.0294
60.0000 161.3587 1 80.0000 0.0000 2 0.1689 1.8280 3.9757 0.0909 0.0962 0.0390
60.0000 161.3587 1 80.0000 0.0000 2 0.1503 1.8255 4.1077 0.0729 0.0916 0.0346
60.0000 161.3587 1 80.0000 0.0000 2 0.1430 1.8230 4.0741 0.1431 0.0786 0.0364
60.0000 161.3587 1 80.0000 0.0000 2 0.1721 1.8808 4.5692 0.0707 0.0940 0.0334
60.0000 161.3587 1 80.0000 0.0000 2 0.1541 1.9039 3.8368 0.0437 0.0875 0.0286
60.0000 161.3587 1 80.0000 0.0000 2 0.1662 1.9075 3.9392 0.0949 0.0820 0.0373
60.0000 161.3587 1 80.0000 0.0000 2 0.1993 1.7926 4.0446 0.1118 0.1034 0.0369
60.0000 161.3587 1 80.0000 0.0000 2 0.1570 1.7814 3.8775 0.0869 0.0809 0.0306
60.0000 161.3587 1 80.0000 0.0000 2 0.1809 1.8958 3.7738 0.0917 0.1005 0.0250
60.0000 161.3587 1 80.0000 0.0000 2 0.1612 1.8508 3.4874 0.0786 0.0873 0.0316
