60.0000 167.4708 1 80.0000 0.0000 2 0.2060 2.8407 0.2435 0.9987 -0.1504 0.0565
60.0000 167.4708 1 80.0000 0.0000 2 0.1903 2.7397 0.2445 -0.6951 0.0495 0.0633
60.0000 167.4708 1 80.0000 0.0000 2 0.2036 2.7744 0.2348 -0.0740 0.0265 -0.0633
60.0000 167.4708 1 80.0000 0.0000 2 0.1941 2.7125 0.2462 0.2219 -0.1199 0.1598
60.0000 167.4708 1 80.0000 0.0000 2 0.1835 2.8736 0.2338 0.0694 0.0001 -0.0216
60.0000 167.4708 1 80.0000 0.0000 2 0.2064 2.8207 0.2534 -0.3760 -0.0258 0.1717
60.0000 167.4708 1 80.0000 0.0000 2 0.1957 2.9036 0.2539 -0.0081 -0.0680 -0.0791
60.0000 167.4708 1 80.0000 0.0000 2 0.1950 2.7530 0.2472 -0.2541 0.0373 -0.1006
60.0000 167.4708 1 80.0000 0.0000 2 0.2001 2.6784 0.2466 -0.6013 -0.0546 0.0213
60.0000 167.4708 1 80.0000 0.0000 2 0.2079 2.7617 0.2395 0.4701 0.0146 -0.0602
60.0000 167.4708 1 80.0000 0.0000 2 0.1872 2.8956 0.2643 -1.0320 -0.2401 -0.0289
60.0000 167.4708 1 80.0000 0.0000 2 0.2040 2.8009 0.2546 0.8006 0.1105 -0.1171
60.0000 167.4708 1 80.0000 0.0000 2 0.1869 2.7683 0.2473 0.3487 0.0662 -0.0412
60.0000 167.4708 1 80.0000 0.0000 2 0.2048 2.8092 0.2616 -1.9437 -0.0778 -0.0156
60.0000 167.4708 1 80.0000 0.0000 2 0.2086 2.8077 0.2669 1.0443 -0.0898 -0.0456
60.0000 167.4708 1 80.0000 0.0000 2 0.2111 2.8453 0.2374 -1.6149 0.0935 0.0334
60.0000 167.4708 1 80.0000 0.0000 2 0.1962 2.8367 0.2312 0.4213 -0.0176 -0.0143
60.0000 167.4708 1 80.0000 0.0000 2 0.1704 2.8508 0.2701 1.1996 0.2695 0.1136
60.0000 167.4708 1 80.0000 0.0000 2 0.2010 2.8860 0.2403 0.0280 0.1533 0.1361
60.0000 167.4708 1 80.0000 0.0000 2 0.2202 2.9372 0.2417 1.1308 0.0717 -0.0048
60.0000 167.4708 1 80.0000 0.0000 2 0.1886 2.7854 0.2527 -0.4238 0.0835 0.0197
60.0000 167.4708 1 80.0000 0.0000 2 0.1994 2.9483 0.2547 -1.2212 0.1856 0.0075
60.0000 167.4708 1 80.0000 0.0000 2 0.1794 2.8652 0.2447 0.1514 -0.0463 0.1885
60.0000 167.4708 1 80.0000 0.0000 2 0.2132 2.9274 0.2739 -0.7803 0.1210 -0.0682
60.0000 167.4708 1 80.0000 0.0000 2 0.1977 2.7948 0.2411 0.2732 0.0990 0.0013
60.0000 167.4708 1 80.0000 0.0000 2 0.1768 2.8773 0.2584 -0.2853 0.0419 -0.0529
60.0000 167.4708 1 80.0000 0.0000 2 0.1802 3.0055 0.2455 1.7244 -0.0936 0.1075
60.0000 167.4708 1 80.0000 0.0000 2 0.1825 2.9153 0.2567 1.9285 0.1401 0.0309
60.0000 167.4708 1 80.0000 0.0000 2 0.1778 2.9985 0.2600 0.7271 0.0221 -0.1297
60.0000 167.4708 1 80.0000 0.0000 2 0.1979 2.7957 0.2431 1.3564 0.1781 0.1023
60.0000 167.4708 1 80.0000 0.0000 2 0.2193 2.7312 0.2388 -0.5215 0.1325 0.0871
60.0000 167.4708 1 80.0000 0.0000 2 0.2008 2.9615 0.2294 -0.8466 -0.0375 -0.0829
60.0000 167.4708 1 80.0000 0.0000 2 0.2021 2.8795 0.2501 -0.6262 -0.1813 0.0134
60.0000 167.4708 1 80.0000 0.0000 2 0.1987 2.8641 0.2423 0.9084 0.2050 -0.0079
60.0000 167.4708 1 80.0000 0.0000 2 0.1931 2.6432 0.2492 0.1783 0.0103 0.1255
60.0000 167.4708 1 80.0000 0.0000 2 0.1910 2.7786 0.2327 0.5216 -0.0191 0.0783
60.0000 167.4708 1 80.0000 0.0000 2 0.1882 2.7361 0.2479 -1.1118 -0.1598 0.0920
60.0000 167.4708 1 80.0000 0.0000 2 0.1919 2.7026 0.2500 0.6737 0.1633 -0.0271
60.0000 167.4708 1 80.0000 0.0000 2 0.1850 2.7571 0.2513 2.4292 0.0531 0.0511
60.0000 167.4708 1 80.0000 0.0000 2 0.1944 2.8135 0.2378 0.3604 -0.1076 0.0487
60.0000 167.4708 1 80.0000 0.0000 2 0.1912 2.8888 0.2631 -1.3495 0.1523 -0.1657
60.0000 167.4708 1 80.0000 0.0000 2 0.2025 2.7879 0.2570 -0.1501 0.2068 0.0697
60.0000 167.4708 1 80.0000 0.0000 2 0.1821 2.8329 0.2261 -2.2327 0.2874 0.0458
60.0000 167.4708 1 80.0000 0.0000 2 0.1896 2.9065 0.2359 1.4148 0.2195 0.0718
60.0000 167.4708 1 80.0000 0.0000 2 0.1970 2.8248 0.2554 0.6078 0.1198 0.0040
60.0000 167.4708 1 80.0000 0.0000 2 0.2159 2.8536 0.2506 0.8222 -0.0057 0.0388
60.0000 167.4708 1 80.0000 0.0000 2 0.1861 2.8588 0.2521 -0.3520 0.2365 0.0245
60.0000 167.4708 1 80.0000 0.0000 2 0.2096 2.9300 0.2609 -0.1592 0.3635 -0.1463
60.0000 167.4708 1 80.0000 0.0000 2 0.1729 2.8275 0.2484 1.5528 0.0596 -0.0945
60.0000 167.4708 1 80.0000 0.0000 2 0.1925 2.6973 0.2577 -0.9639 0.0863 -0.0337
