60.0000 160.1585 1 80.0000 0.0000 2 0.1846 1.3321 5.8087 0.0069 0.1479 0.0924
60.0000 160.1585 1 80.0000 0.0000 2 0.1830 1.3104 5.7210 0.0096 0.1663 0.0891
60.0000 160.1585 1 80.0000 0.0000 2 0.1880 1.3071 5.9158 0.0044 0.1604 0.0979
60.0000 160.1585 1 80.0000 0.0000 2 0.1898 1.3026 6.0618 0.0131 0.1683 0.1142
60.0000 160.1585 1 80.0000 0.0000 2 0.1868 1.2488 5.8717 0.0005 0.1757 0.1348
60.0000 160.1585 1 80.0000 0.0000 2 0.1851 1.4345 6.0348 0.0059 0.1507 0.1008
60.0000 160.1585 1 80.0000 0.0000 2 0.1752 1.4079 5.9766 -0.0027 0.1680 0.1067
60.0000 160.1585 1 80.0000 0.0000 2 0.1873 1.3555 6.0096 -0.0090 0.1778 0.1172
60.0000 160.1585 1 80.0000 0.0000 2 0.1967 1.2972 5.7861 0.0168 0.1532 0.1019
60.0000 160.1585 1 80.0000 0.0000 2 0.1933 1.3003 6.4250 0.0190 0.1692 0.1247
60.0000 160.1585 1 80.0000 0.0000 2 0.1991 1.3884 6.2434 -0.0013 0.1547 0.1276
60.0000 160.1585 1 80.0000 0.0000 2 0.1834 1.3209 5.9284 0.0080 0.1746 0.1208
60.0000 160.1585 1 80.0000 0.0000 2 0.1915 1.4235 5.9991 0.0023 0.1624 0.1167
60.0000 160.1585 1 80.0000 0.0000 2 0.1783 1.3845 5.9714 0.0115 0.1525 0.1304
60.0000 160.1585 1 80.0000 0.0000 2 0.1953 1.3283 5.9591 0.0063 0.1465 0.1397
60.0000 160.1585 1 80.0000 0.0000 2 0.1930 1.3149 5.6477 0.0173 0.1334 0.1062
60.0000 160.1585 1 80.0000 0.0000 2 0.1839 1.2930 6.1107 0.0160 0.1658 0.1162
60.0000 160.1585 1 80.0000 0.0000 2 0.1940 1.3694 5.8970 -0.0141 0.1672 0.1079
60.0000 160.1585 1 80.0000 0.0000 2 0.1795 1.2381 5.6643 0.0182 0.1635 0.1192
60.0000 160.1585 1 80.0000 0.0000 2 0.1865 1.2746 6.1615 0.0245 0.1802 0.1294
60.0000 160.1585 1 80.0000 0.0000 2 0.1900 1.3519 6.2031 -0.0109 0.1419 0.1113
60.0000 160.1585 1 80.0000 0.0000 2 0.2002 1.3387 5.8630 -0.0001 0.1575 0.1122
60.0000 160.1585 1 80.0000 0.0000 2 0.1721 1.2231 5.7440 0.0271 0.1580 0.1114
60.0000 160.1585 1 80.0000 0.0000 2 0.1821 1.2548 5.8534 -0.0048 0.1809 0.1241
60.0000 160.1585 1 80.0000 0.0000 2 0.1922 1.3946 5.8402 0.0201 0.1514 0.1212
60.0000 160.1585 1 80.0000 0.0000 2 0.1887 1.3482 5.7665 -0.0005 0.1382 0.1222
60.0000 160.1585 1 80.0000 0.0000 2 0.1769 1.2686 5.7134 0.0301 0.1552 0.1264
60.0000 160.1585 1 80.0000 0.0000 2 0.1702 1.3659 5.9446 -0.0164 0.1601 0.1154
60.0000 160.1585 1 80.0000 0.0000 2 0.1799 1.3429 5.8302 0.0151 0.1723 0.1181
60.0000 160.1585 1 80.0000 0.0000 2 0.1788 1.3487 6.2948 0.0139 0.1609 0.1051
60.0000 160.1585 1 80.0000 0.0000 2 0.1890 1.3183 6.0731 -0.0036 0.1643 0.1131
60.0000 160.1585 1 80.0000 0.0000 2 0.2069 1.3783 5.7007 0.0107 0.1698 0.1091
60.0000 160.1585 1 80.0000 0.0000 2 0.1859 1.3736 5.7604 0.0122 0.1728 0.1086
60.0000 160.1585 1 80.0000 0.0000 2 0.1827 1.4607 6.1586 -0.0030 0.1393 0.1103
60.0000 160.1585 1 80.0000 0.0000 2 0.1652 1.2828 5.8204 0.0016 0.1524 0.1199
60.0000 160.1585 1 80.0000 0.0000 2 0.1850 1.1830 5.9227 -0.0085 0.1559 0.1188
60.0000 160.1585 1 80.0000 0.0000 2 0.1738 1.2707 6.0394 0.0094 0.1448 0.0995
60.0000 160.1585 1 80.0000 0.0000 2 0.1778 1.4662 6.0275 -0.0062 0.1617 0.1134
60.0000 160.1585 1 80.0000 0.0000 2 0.2028 1.4010 5.9532 0.0028 0.1570 0.1047
60.0000 160.1585 1 80.0000 0.0000 2 0.1971 1.3366 5.5092 0.0137 0.1428 0.1442
60.0000 160.1585 1 80.0000 0.0000 2 0.1747 1.3246 5.9056 0.0051 0.1496 0.1237
60.0000 160.1585 1 80.0000 0.0000 2 0.1883 1.2907 5.8815 0.0215 0.1630 0.1149
60.0000 160.1585 1 80.0000 0.0000 2 0.1819 1.3800 5.9905 0.0235 0.1539 0.1035
60.0000 160.1585 1 80.0000 0.0000 2 0.1907 1.1971 5.8429 0.0102 0.1716 0.1268
60.0000 160.1585 1 80.0000 0.0000 2 0.1806 1.2290 6.0789 0.0014 0.1646 0.1094
60.0000 160.1585 1 80.0000 0.0000 2 0.1910 1.2585 5.5925 0.0084 0.1589 0.0965
60.0000 160.1585 1 80.0000 0.0000 2 0.1814 1.3599 5.7921 0.0039 0.1493 0.1312
60.0000 160.1585 1 80.0000 0.0000 2 0.1761 1.2812 6.2319 -0.0069 0.1595 0.1337
60.0000 160.1585 1 80.0000 0.0000 2 0.1950 1.3289 6.1385 0.0076 0.1462 0.0954
60.0000 160.1585 1 80.0000 0.0000 2 0.1860 1.4142 6.1013 0.0034 0.1992 0.1227
