60.0000 158.4657 1 80.0000 0.0000 2 0.2094 1.3638 3.0367 0.0764 0.0932 0.0815
60.0000 158.4657 1 80.0000 0.0000 2 0.1790 1.3787 3.0722 0.0560 0.0844 0.0782
60.0000 158.4657 1 80.0000 0.0000 2 0.2260 1.2473 2.9476 0.0541 0.0822 0.1025
60.0000 158.4657 1 80.0000 0.0000 2 0.2085 1.2841 3.0107 0.0817 0.0739 0.0749
60.0000 158.4657 1 80.0000 0.0000 2 0.1965 1.2577 3.0567 0.0744 0.0924 0.0813
60.0000 158.4657 1 80.0000 0.0000 2 0.1866 1.2006 2.9043 0.0671 0.1035 0.0831
60.0000 158.4657 1 80.0000 0.0000 2 0.2277 1.1807 2.9211 0.0505 0.0797 0.0899
60.0000 158.4657 1 80.0000 0.0000 2 0.2201 1.2448 2.9720 0.0713 0.0702 0.0866
60.0000 158.4657 1 80.0000 0.0000 2 0.2177 1.2972 2.9347 0.0570 0.1134 0.1350
60.0000 158.4657 1 80.0000 0.0000 2 0.2298 1.1937 2.9807 0.0804 0.1108 0.0859
60.0000 158.4657 1 80.0000 0.0000 2 0.1901 1.1594 2.8907 0.0913 0.0722 0.0716
60.0000 158.4657 1 80.0000 0.0000 2 0.2172 1.3044 2.8200 0.0860 0.0973 0.0757
60.0000 158.4657 1 80.0000 0.0000 2 0.1958 1.2163 2.9114 0.0741 0.0861 0.0950
60.0000 158.4657 1 80.0000 0.0000 2 0.1979 1.1399 2.8562 0.0655 0.1104 0.1030
60.0000 158.4657 1 80.0000 0.0000 2 0.2234 1.3472 2.8847 0.0825 0.1071 0.0873
60.0000 158.4657 1 80.0000 0.0000 2 0.2214 1.3514 2.8741 0.0707 0.0961 0.0530
60.0000 158.4657 1 80.0000 0.0000 2 0.2075 1.2622 2.9301 0.0615 0.0889 0.0844
60.0000 158.4657 1 80.0000 0.0000 2 0.1992 1.2323 2.9485 0.0783 0.1004 0.0980
60.0000 158.4657 1 80.0000 0.0000 2 0.2243 1.2291 2.9538 0.0732 0.1040 0.0733
60.0000 158.4657 1 80.0000 0.0000 2 0.2222 1.2727 2.9173 0.0944 0.0916 0.0936
60.0000 158.4657 1 80.0000 0.0000 2 0.2156 1.2747 2.8305 0.0609 0.0941 0.0669
60.0000 158.4657 1 80.0000 0.0000 2 0.2099 1.3139 2.8870 0.0854 0.0652 0.0851
60.0000 158.4657 1 80.0000 0.0000 2 0.2365 1.2534 2.9362 0.0797 0.1155 0.0915
60.0000 158.4657 1 80.0000 0.0000 2 0.2109 1.3127 2.8671 0.0967 0.0858 0.0879
60.0000 158.4657 1 80.0000 0.0000 2 0.2117 1.2693 2.9756 0.0693 0.1084 0.0969
60.0000 158.4657 1 80.0000 0.0000 2 0.2502 1.2260 3.0080 0.0752 0.1201 0.0640
60.0000 158.4657 1 80.0000 0.0000 2 0.2296 1.3208 2.8430 0.0631 0.1061 0.0939
60.0000 158.4657 1 80.0000 0.0000 2 0.2027 1.3002 2.8941 0.0767 0.0875 0.0738
60.0000 158.4657 1 80.0000 0.0000 2 0.2001 1.0612 2.9138 0.0727 0.1011 0.0991
60.0000 158.4657 1 80.0000 0.0000 2 0.2162 1.2192 2.8489 0.0662 0.1055 0.0889
60.0000 158.4657 1 80.0000 0.0000 2 0.2104 1.1857 2.8713 0.1019 0.0951 0.1110
60.0000 158.4657 1 80.0000 0.0000 2 0.2015 1.3363 2.9973 0.0697 0.0881 0.0896
60.0000 158.4657 1 80.0000 0.0000 2 0.2136 1.2896 2.9396 0.0477 0.0973 0.0963
60.0000 158.4657 1 80.0000 0.0000 2 0.2244 1.2364 2.8978 0.0999 0.1245 0.1068
60.0000 158.4657 1 80.0000 0.0000 2 0.2334 1.4401 2.9586 0.0834 0.0984 0.0653
60.0000 158.4657 1 80.0000 0.0000 2 0.2349 1.2056 2.8795 0.0637 0.0957 0.0805
60.0000 158.4657 1 80.0000 0.0000 2 0.2034 1.1968 2.9424 0.0920 0.0991 0.1001
60.0000 158.4657 1 80.0000 0.0000 2 0.2057 1.2088 2.9832 0.1146 0.0835 0.0788
60.0000 158.4657 1 80.0000 0.0000 2 0.2017 1.1733 2.9290 0.0808 0.0604 0.0907
60.0000 158.4657 1 80.0000 0.0000 2 0.2187 1.1673 2.9680 0.0430 0.1021 0.0826
60.0000 158.4657 1 80.0000 0.0000 2 0.2071 1.2643 2.9570 0.0596 0.0777 0.0701
60.0000 158.4657 1 80.0000 0.0000 2 0.2126 1.2829 2.8615 0.0951 0.1026 0.0797
60.0000 158.4657 1 80.0000 0.0000 2 0.2049 1.2928 2.9644 0.0896 0.0826 0.0711
60.0000 158.4657 1 80.0000 0.0000 2 0.2196 1.2214 2.7966 0.1050 0.0892 0.0691
60.0000 158.4657 1 80.0000 0.0000 2 0.2047 1.3237 3.0248 0.0886 0.1175 0.0929
60.0000 158.4657 1 80.0000 0.0000 2 0.1923 1.1319 2.9240 0.0684 0.0781 0.0766
60.0000 158.4657 1 80.0000 0.0000 2 0.1947 1.3342 2.9871 0.0867 0.0764 0.1048
60.0000 158.4657 1 80.0000 0.0000 2 0.2138 1.2401 2.9008 0.0841 0.0809 0.1115
60.0000 158.4657 1 80.0000 0.0000 2 0.1889 1.2506 2.9954 0.0881 0.0903 0.0576
60.0000 158.4657 1 80.0000 0.0000 2 0.2150 1.2778 2.9072 0.0776 0.0910 0.0602
