60.0000 177.0704 1 80.0000 0.0000 2 0.1491 3.5640 0.9777 0.1349 0.1396 0.0734
60.0000 177.0704 1 80.0000 0.0000 2 0.1579 3.5812 0.9736 0.1227 0.1464 0.0807
60.0000 177.0704 1 80.0000 0.0000 2 0.1530 3.6759 0.9893 0.1660 0.1336 0.0754
60.0000 177.0704 1 80.0000 0.0000 2 0.1727 3.7436 1.0039 0.1428 0.1425 0.0682
60.0000 177.0704 1 80.0000 0.0000 2 0.1585 3.6257 1.0442 0.1487 0.1438 0.0788
60.0000 177.0704 1 80.0000 0.0000 2 0.1514 3.6036 0.9971 0.1313 0.1592 0.0672
60.0000 177.0704 1 80.0000 0.0000 2 0.1589 3.6326 0.9612 0.1304 0.1485 0.0741
60.0000 177.0704 1 80.0000 0.0000 2 0.1617 3.5758 0.9469 0.1199 0.1506 0.0781
60.0000 177.0704 1 80.0000 0.0000 2 0.1630 3.5475 0.9891 0.1096 0.1402 0.0689
60.0000 177.0704 1 80.0000 0.0000 2 0.1557 3.6818 1.0009 0.1239 0.1602 0.0839
60.0000 177.0704 1 80.0000 0.0000 2 0.1625 3.6185 0.9791 0.1068 0.1268 0.0745
60.0000 177.0704 1 80.0000 0.0000 2 0.1575 3.7172 0.9820 0.1359 0.1726 0.0953
60.0000 177.0704 1 80.0000 0.0000 2 0.1662 3.7594 0.9838 0.1315 0.1558 0.0643
60.0000 177.0704 1 80.0000 0.0000 2 0.1570 3.7709 0.9935 0.1469 0.1461 0.0769
60.0000 177.0704 1 80.0000 0.0000 2 0.1603 3.6306 0.9904 0.0939 0.1537 0.0552
60.0000 177.0704 1 80.0000 0.0000 2 0.1545 3.6221 1.0178 0.1528 0.1570 0.0930
60.0000 177.0704 1 80.0000 0.0000 2 0.1664 3.6450 1.0096 0.1245 0.1773 0.0727
60.0000 177.0704 1 80.0000 0.0000 2 0.1553 3.7284 0.9857 0.1433 0.1365 0.0844
60.0000 177.0704 1 80.0000 0.0000 2 0.1590 3.6366 1.0211 0.1170 0.1237 0.0708
60.0000 177.0704 1 80.0000 0.0000 2 0.1598 3.6084 0.9084 0.1268 0.1491 0.0892
60.0000 177.0704 1 80.0000 0.0000 2 0.1622 3.6904 0.9945 0.1553 0.1579 0.0778
60.0000 177.0704 1 80.0000 0.0000 2 0.1526 3.5136 0.9861 0.1767 0.1211 0.0761
60.0000 177.0704 1 80.0000 0.0000 2 0.1732 3.8021 0.9556 0.1408 0.1368 0.0873
60.0000 177.0704 1 80.0000 0.0000 2 0.1637 3.6109 0.9717 0.1391 0.1314 0.0828
60.0000 177.0704 1 80.0000 0.0000 2 0.1705 3.6839 0.9702 0.1458 0.1379 0.0608
60.0000 177.0704 1 80.0000 0.0000 2 0.1647 3.6601 0.9923 0.1377 0.1614 0.0920
60.0000 177.0704 1 80.0000 0.0000 2 0.1606 3.5498 1.0043 0.1141 0.1521 0.1003
60.0000 177.0704 1 80.0000 0.0000 2 0.1698 3.4884 0.9756 0.1190 0.1688 0.0826
60.0000 177.0704 1 80.0000 0.0000 2 0.1689 3.7867 0.9739 0.1585 0.1448 0.0819
60.0000 177.0704 1 80.0000 0.0000 2 0.1686 3.6529 0.9873 0.1517 0.1499 0.0646
60.0000 177.0704 1 80.0000 0.0000 2 0.1716 3.6657 1.0142 0.1598 0.1634 0.0698
60.0000 177.0704 1 80.0000 0.0000 2 0.1651 3.6713 0.9841 0.1146 0.1474 0.0999
60.0000 177.0704 1 80.0000 0.0000 2 0.1748 3.7006 0.9626 0.1403 0.1533 0.0883
60.0000 177.0704 1 80.0000 0.0000 2 0.1766 3.7067 0.9652 0.1289 0.1244 0.0661
60.0000 177.0704 1 80.0000 0.0000 2 0.1654 3.7363 0.9958 0.1276 0.1643 0.0866
60.0000 177.0704 1 80.0000 0.0000 2 0.1610 3.5342 1.0120 0.1638 0.1344 0.0912
60.0000 177.0704 1 80.0000 0.0000 2 0.1612 3.6931 0.9799 0.1211 0.1414 0.0625
60.0000 177.0704 1 80.0000 0.0000 2 0.1537 3.6433 0.9688 0.1561 0.1724 0.0596
60.0000 177.0704 1 80.0000 0.0000 2 0.1505 3.7098 0.9679 0.1421 0.1660 0.0478
60.0000 177.0704 1 80.0000 0.0000 2 0.1826 3.5927 0.9635 0.1365 0.1178 0.0811
60.0000 177.0704 1 80.0000 0.0000 2 0.1458 3.5723 0.9808 0.1335 0.1429 0.0724
60.0000 177.0704 1 80.0000 0.0000 2 0.1633 3.4609 1.0063 0.1332 0.1287 0.0851
60.0000 177.0704 1 80.0000 0.0000 2 0.1682 3.7212 0.9579 0.1495 0.1516 0.0578
60.0000 177.0704 1 80.0000 0.0000 2 0.1781 3.5898 0.9524 0.1452 0.1455 0.0718
60.0000 177.0704 1 80.0000 0.0000 2 0.1561 3.5578 0.9987 0.1702 0.1325 0.0707
60.0000 177.0704 1 80.0000 0.0000 2 0.1710 3.5171 0.9766 0.1480 0.1388 0.0794
60.0000 177.0704 1 80.0000 0.0000 2 0.1672 3.6007 1.0074 0.1381 0.1355 0.0862
60.0000 177.0704 1 80.0000 0.0000 2 0.1676 3.6510 1.0240 0.1541 0.1071 0.0666
60.0000 177.0704 1 80.0000 0.0000 2 0.1412 3.8192 0.9984 0.1054 0.1547 0.0763
60.0000 177.0704 1 80.0000 0.0000 2 0.1641 3.6614 1.0024 0.1263 0.1303 0.0800
