60.0000 177.1291 1 80.0000 0.0000 2 0.1394 1.0132 0.2684 0.0658 0.0370 0.0111
60.0000 177.1291 1 80.0000 0.0000 2 0.1258 0.9440 0.2487 0.2122 0.0375 0.0040
60.0000 177.1291 1 80.0000 0.0000 2 0.1468 0.9897 0.2584 0.0882 0.0412 0.0228
60.0000 177.1291 1 80.0000 0.0000 2 0.1477 1.0720 0.2353 0.0718 0.0446 0.0204
60.0000 177.1291 1 80.0000 0.0000 2 0.1486 1.0979 0.2761 0.1124 0.0402 0.0239
60.0000 177.1291 1 80.0000 0.0000 2 0.1149 1.2572 0.2491 0.0357 0.0414 0.0333
60.0000 177.1291 1 80.0000 0.0000 2 0.1141 1.0909 0.2479 0.0798 0.0385 0.0274
60.0000 177.1291 1 80.0000 0.0000 2 0.1409 1.2057 0.2196 0.0858 0.0360 0.0367
60.0000 177.1291 1 80.0000 0.0000 2 0.1215 1.0837 0.2546 0.1201 0.0378 0.0148
60.0000 177.1291 1 80.0000 0.0000 2 0.1274 0.8433 0.2297 0.1511 0.0344 0.0379
60.0000 177.1291 1 80.0000 0.0000 2 0.1332 1.0785 0.2235 0.1367 0.0409 0.0227
60.0000 177.1291 1 80.0000 0.0000 2 0.1309 1.0535 0.2646 0.0977 0.0389 -0.0013
60.0000 177.1291 1 80.0000 0.0000 2 0.1290 1.0067 0.2598 0.0950 0.0403 0.0195
60.0000 177.1291 1 80.0000 0.0000 2 0.1645 1.1145 0.2281 0.1070 0.0378 0.0170
60.0000 177.1291 1 80.0000 0.0000 2 0.1427 0.9699 0.2347 0.0220 0.0357 0.0140
60.0000 177.1291 1 80.0000 0.0000 2 0.1208 0.7790 0.2397 0.1664 0.0416 0.0277
60.0000 177.1291 1 80.0000 0.0000 2 0.1535 1.0772 0.2335 0.1599 0.0464 0.0415
60.0000 177.1291 1 80.0000 0.0000 2 0.1323 0.9281 0.2420 0.1045 0.0408 0.0310
60.0000 177.1291 1 80.0000 0.0000 2 0.1371 1.1474 0.2327 0.1102 0.0391 0.0092
60.0000 177.1291 1 80.0000 0.0000 2 0.1498 0.9578 0.2277 0.1424 0.0347 0.0165
60.0000 177.1291 1 80.0000 0.0000 2 0.1444 0.9824 0.2432 0.1389 0.0433 0.0306
60.0000 177.1291 1 80.0000 0.0000 2 0.1335 1.0172 0.2746 0.0519 0.0406 0.0020
60.0000 177.1291 1 80.0000 0.0000 2 0.1227 1.1737 0.2414 0.1184 0.0366 0.0246
60.0000 177.1291 1 80.0000 0.0000 2 0.1405 1.0425 0.2384 0.0466 0.0390 -0.0154
60.0000 177.1291 1 80.0000 0.0000 2 0.1347 0.8890 0.2516 0.1153 0.0351 0.0056
60.0000 177.1291 1 80.0000 0.0000 2 0.1509 1.0472 0.2626 0.1324 0.0422 0.0267
60.0000 177.1291 1 80.0000 0.0000 2 0.1522 1.0229 0.2259 0.0582 0.0441 0.0108
60.0000 177.1291 1 80.0000 0.0000 2 0.0976 0.8748 0.2563 0.1174 0.0395 0.0285
60.0000 177.1291 1 80.0000 0.0000 2 0.1602 1.0266 0.2401 0.1275 0.0397 0.0323
60.0000 177.1291 1 80.0000 0.0000 2 0.1241 1.1567 0.2620 0.0740 0.0364 0.0256
60.0000 177.1291 1 80.0000 0.0000 2 0.1096 0.9166 0.2514 0.0997 0.0371 0.0582
60.0000 177.1291 1 80.0000 0.0000 2 0.1450 1.1353 0.2462 0.0957 0.0315 0.0296
60.0000 177.1291 1 80.0000 0.0000 2 0.1178 1.1635 0.2536 0.1302 0.0353 0.0209
60.0000 177.1291 1 80.0000 0.0000 2 0.1282 1.1069 0.2445 0.1350 0.0364 0.0133
60.0000 177.1291 1 80.0000 0.0000 2 0.1416 1.0307 0.2426 0.0891 0.0419 0.0458
60.0000 177.1291 1 80.0000 0.0000 2 0.1359 1.0624 0.2246 0.1243 0.0387 0.0123
60.0000 177.1291 1 80.0000 0.0000 2 0.1575 1.0336 0.2527 0.1860 0.0398 0.0186
60.0000 177.1291 1 80.0000 0.0000 2 0.1348 1.0582 0.2376 0.1236 0.0330 -0.0023
60.0000 177.1291 1 80.0000 0.0000 2 0.1252 1.2132 0.2177 0.0617 0.0341 0.0491
60.0000 177.1291 1 80.0000 0.0000 2 0.1312 1.1281 0.2360 0.1574 0.0428 0.0363
60.0000 177.1291 1 80.0000 0.0000 2 0.1720 1.1200 0.2374 0.0703 0.0372 0.0075
60.0000 177.1291 1 80.0000 0.0000 2 0.1365 0.9045 0.2124 0.0769 0.0394 0.0159
60.0000 177.1291 1 80.0000 0.0000 2 0.1188 0.9658 0.2468 0.0915 0.0399 0.0248
60.0000 177.1291 1 80.0000 0.0000 2 0.1432 0.9358 0.2317 0.1706 0.0425 0.0426
60.0000 177.1291 1 80.0000 0.0000 2 0.1390 0.9508 0.2452 0.1482 0.0455 0.0352
60.0000 177.1291 1 80.0000 0.0000 2 0.1568 0.9763 0.2310 0.0452 0.0430 0.0214
60.0000 177.1291 1 80.0000 0.0000 2 0.1380 0.9977 0.2568 0.1016 0.0380 0.0077
60.0000 177.1291 1 80.0000 0.0000 2 0.1459 1.0999 0.2051 0.0819 0.0384 0.0342
60.0000 177.1291 1 80.0000 0.0000 2 0.1541 1.0489 0.2212 0.1086 0.0412 0.0400
60.0000 177.1291 1 80.0000 0.0000 2 0.1299 0.9983 0.2497 0.1462 0.0382 0.0180
