60.0000 167.8663 1 80.0000 0.0000 2 0.0839 2.9818 0.2177 0.1465 0.0433 0.0206
60.0000 167.8663 1 80.0000 0.0000 2 0.0815 3.0686 0.2193 0.1391 0.0482 0.0128
60.0000 167.8663 1 80.0000 0.0000 2 0.0853 3.0876 0.2254 0.1687 0.0470 0.0146
60.0000 167.8663 1 80.0000 0.0000 2 0.0877 3.0328 0.2231 0.1645 0.0489 0.0184
60.0000 167.8663 1 80.0000 0.0000 2 0.0997 3.1221 0.2328 0.1563 0.0502 0.0150
60.0000 167.8663 1 80.0000 0.0000 2 0.0973 3.0387 0.2617 0.1759 0.0531 0.0149
60.0000 167.8663 1 80.0000 0.0000 2 0.0912 3.0034 0.2384 0.1475 0.0512 0.0177
60.0000 167.8663 1 80.0000 0.0000 2 0.0926 3.0788 0.2426 0.1551 0.0516 0.0163
60.0000 167.8663 1 80.0000 0.0000 2 0.0901 3.1165 0.2245 0.1453 0.0485 0.0169
60.0000 167.8663 1 80.0000 0.0000 2 0.0855 2.9144 0.2151 0.1485 0.0466 0.0160
60.0000 167.8663 1 80.0000 0.0000 2 0.0958 3.1315 0.2200 0.1595 0.0486 0.0186
60.0000 167.8663 1 80.0000 0.0000 2 0.0906 3.1523 0.2440 0.1644 0.0521 0.0194
60.0000 167.8663 1 80.0000 0.0000 2 0.1016 3.0583 0.2315 0.1543 0.0532 0.0181
60.0000 167.8663 1 80.0000 0.0000 2 0.0866 3.0568 0.2305 0.1493 0.0491 0.0152
60.0000 167.8663 1 80.0000 0.0000 2 0.0845 3.1798 0.2539 0.1604 0.0522 0.0136
60.0000 167.8663 1 80.0000 0.0000 2 0.0929 3.0824 0.2281 0.1538 0.0461 0.0178
60.0000 167.8663 1 80.0000 0.0000 2 0.0895 3.1353 0.2072 0.1724 0.0528 0.0166
60.0000 167.8663 1 80.0000 0.0000 2 0.0937 3.0190 0.2446 0.1522 0.0525 0.0162
60.0000 167.8663 1 80.0000 0.0000 2 0.0932 3.1637 0.2144 0.1612 0.0540 0.0144
60.0000 167.8663 1 80.0000 0.0000 2 0.0786 3.1037 0.2389 0.1696 0.0495 0.0125
60.0000 167.8663 1 80.0000 0.0000 2 0.0892 3.0229 0.2298 0.1424 0.0481 0.0158
60.0000 167.8663 1 80.0000 0.0000 2 0.0883 3.0941 0.2413 0.1584 0.0498 0.0174
60.0000 167.8663 1 80.0000 0.0000 2 0.0828 3.2427 0.2167 0.1502 0.0508 0.0214
60.0000 167.8663 1 80.0000 0.0000 2 0.0753 2.9644 0.2372 0.1589 0.0501 0.0133
60.0000 167.8663 1 80.0000 0.0000 2 0.0803 2.9323 0.2347 0.1629 0.0540 0.0192
60.0000 167.8663 1 80.0000 0.0000 2 0.0887 3.1260 0.2368 0.1483 0.0492 0.0189
60.0000 167.8663 1 80.0000 0.0000 2 0.0821 3.0090 0.2338 0.1746 0.0514 0.0145
60.0000 167.8663 1 80.0000 0.0000 2 0.0868 3.1465 0.2008 0.1623 0.0577 0.0182
60.0000 167.8663 1 80.0000 0.0000 2 0.0848 3.1556 0.2585 0.1361 0.0536 0.0176
60.0000 167.8663 1 80.0000 0.0000 2 0.0915 3.0975 0.2455 0.1633 0.0505 0.0197
60.0000 167.8663 1 80.0000 0.0000 2 0.1056 2.9913 0.2278 0.1556 0.0467 0.0167
60.0000 167.8663 1 80.0000 0.0000 2 0.0946 3.0445 0.2209 0.1787 0.0472 0.0142
60.0000 167.8663 1 80.0000 0.0000 2 0.0966 2.9845 0.2106 0.1659 0.0478 0.0155
60.0000 167.8663 1 80.0000 0.0000 2 0.0909 3.2011 0.1886 0.1577 0.0437 0.0173
60.0000 167.8663 1 80.0000 0.0000 2 0.0952 3.1894 0.2260 0.1712 0.0496 0.0138
60.0000 167.8663 1 80.0000 0.0000 2 0.0922 3.2593 0.2273 0.1657 0.0506 0.0171
60.0000 167.8663 1 80.0000 0.0000 2 0.0862 3.1405 0.2353 0.1568 0.0494 0.0104
60.0000 167.8663 1 80.0000 0.0000 2 0.0967 2.9517 0.2512 0.1518 0.0554 0.0232
60.0000 167.8663 1 80.0000 0.0000 2 0.0873 3.1123 0.2398 0.1614 0.0550 0.0157
60.0000 167.8663 1 80.0000 0.0000 2 0.0954 3.2331 0.2320 0.1575 0.0476 0.0169
60.0000 167.8663 1 80.0000 0.0000 2 0.0981 3.0635 0.2126 0.1514 0.0530 0.0180
60.0000 167.8663 1 80.0000 0.0000 2 0.1006 3.0750 0.2291 0.1528 0.0544 0.0173
60.0000 167.8663 1 80.0000 0.0000 2 0.0905 3.1683 0.2478 0.1679 0.0560 0.0192
60.0000 167.8663 1 80.0000 0.0000 2 0.0920 3.0493 0.2037 0.1810 0.0455 0.0154
60.0000 167.8663 1 80.0000 0.0000 2 0.0942 3.1067 0.2223 0.1417 0.0517 0.0201
60.0000 167.8663 1 80.0000 0.0000 2 0.0898 3.1981 0.2077 0.1672 0.0520 0.0164
60.0000 167.8663 1 80.0000 0.0000 2 0.0881 2.8732 0.2499 0.1837 0.0567 0.0151
60.0000 167.8663 1 80.0000 0.0000 2 0.0939 3.0273 0.2116 0.1700 0.0511 0.0167
60.0000 167.8663 1 80.0000 0.0000 2 0.1030 3.2128 0.2235 0.1437 0.0450 0.0188
60.0000 167.8663 1 80.0000 0.0000 2 0.0983 3.2871 0.2183 0.1213 0.0503 0.0159
