60.0000 159.7972 1 80.0000 0.0000 2 0.1693 1.4087 2.5915 0.1040 0.0763 0.0735
60.0000 159.7972 1 80.0000 0.0000 2 0.1778 1.3317 2.8810 0.0644 0.0692 0.0567
60.0000 159.7972 1 80.0000 0.0000 2 0.2047 1.4884 2.9379 0.0665 0.1009 0.0446
60.0000 159.7972 1 80.0000 0.0000 2 0.1737 1.3611 2.6766 0.0221 0.0596 0.0913
60.0000 159.7972 1 80.0000 0.0000 2 0.1946 1.3120 2.7484 0.1282 0.1050 -0.0003
60.0000 159.7972 1 80.0000 0.0000 2 0.1522 1.3919 2.8397 -0.0362 0.0884 0.0314
60.0000 159.7972 1 80.0000 0.0000 2 0.1857 1.2950 3.1205 0.0874 0.0802 0.0479
60.0000 159.7972 1 80.0000 0.0000 2 0.1902 1.2812 2.8026 0.0742 0.1197 0.1059
60.0000 159.7972 1 80.0000 0.0000 2 0.1893 1.3990 3.0198 0.0977 0.1348 0.0718
60.0000 159.7972 1 80.0000 0.0000 2 0.2117 1.1999 2.5431 0.0416 0.1144 0.0689
60.0000 159.7972 1 80.0000 0.0000 2 0.1920 1.2597 2.9739 -0.0104 0.1391 0.0726
60.0000 159.7972 1 80.0000 0.0000 2 0.1756 1.3073 2.9944 0.0786 0.0967 0.0606
60.0000 159.7972 1 80.0000 0.0000 2 0.1848 1.3194 2.7140 0.1236 0.0726 0.0549
60.0000 159.7972 1 80.0000 0.0000 2 0.1753 1.4335 2.8604 0.0551 0.0774 0.0245
60.0000 159.7972 1 80.0000 0.0000 2 0.1621 1.2367 2.4139 0.0143 0.1090 0.0820
60.0000 159.7972 1 80.0000 0.0000 2 0.1807 1.2762 2.7688 0.0230 0.0807 0.0979
60.0000 159.7972 1 80.0000 0.0000 2 0.1964 1.3580 2.6989 -0.0271 0.1232 0.0427
60.0000 159.7972 1 80.0000 0.0000 2 0.1936 1.3178 2.8932 0.0732 0.1019 0.0541
60.0000 159.7972 1 80.0000 0.0000 2 0.1798 1.3519 3.1086 0.1001 0.1618 0.0511
60.0000 159.7972 1 80.0000 0.0000 2 0.1845 1.3243 3.2482 0.1898 0.0886 0.0986
60.0000 159.7972 1 80.0000 0.0000 2 0.1828 1.5120 2.4683 0.0620 0.0952 0.0671
60.0000 159.7972 1 80.0000 0.0000 2 0.1539 1.4478 2.7385 0.1215 0.1094 0.0502
60.0000 159.7972 1 80.0000 0.0000 2 0.1641 1.3870 3.0357 0.0036 0.1036 0.0652
60.0000 159.7972 1 80.0000 0.0000 2 0.1787 1.3749 3.0564 0.2300 0.0740 0.0868
60.0000 159.7972 1 80.0000 0.0000 2 0.2138 1.3389 2.8179 0.1640 0.1271 0.0814
60.0000 159.7972 1 80.0000 0.0000 2 0.2001 1.4132 3.0046 -0.0088 0.1033 0.0933
60.0000 159.7972 1 80.0000 0.0000 2 0.1875 1.2749 2.8237 0.0893 0.0644 0.0675
60.0000 159.7972 1 80.0000 0.0000 2 0.1983 1.1703 2.8663 0.1696 0.1063 0.0761
60.0000 159.7972 1 80.0000 0.0000 2 0.2175 1.3284 2.9030 0.1507 0.0501 0.0954
60.0000 159.7972 1 80.0000 0.0000 2 0.1768 1.3706 2.6504 0.1372 0.0861 0.0845
60.0000 159.7972 1 80.0000 0.0000 2 0.1597 1.4033 2.7971 0.1353 0.0934 0.0256
60.0000 159.7972 1 80.0000 0.0000 2 0.2226 1.2987 3.1483 -0.0546 0.0987 0.0749
60.0000 159.7972 1 80.0000 0.0000 2 0.1635 1.3048 2.6075 0.1576 0.1110 0.0784
60.0000 159.7972 1 80.0000 0.0000 2 0.1436 1.3498 2.7277 0.0303 0.0841 0.0405
60.0000 159.7972 1 80.0000 0.0000 2 0.1682 1.4569 2.9239 0.0372 0.1155 0.0459
60.0000 159.7972 1 80.0000 0.0000 2 0.1711 1.2679 2.7211 0.1442 0.1226 0.0381
60.0000 159.7972 1 80.0000 0.0000 2 0.1952 1.3899 2.8442 0.1759 0.0821 0.0532
60.0000 159.7972 1 80.0000 0.0000 2 0.1867 1.3810 3.3348 0.1834 0.1119 0.1041
60.0000 159.7972 1 80.0000 0.0000 2 0.1815 1.4305 2.7803 0.0492 0.1168 0.0357
60.0000 159.7972 1 80.0000 0.0000 2 0.1662 1.2884 2.9561 0.2624 0.0966 0.1142
60.0000 159.7972 1 80.0000 0.0000 2 0.2032 1.3381 2.7795 0.0090 0.1072 0.0707
60.0000 159.7972 1 80.0000 0.0000 2 0.1835 1.4710 3.0851 0.1131 0.0854 0.0643
60.0000 159.7972 1 80.0000 0.0000 2 0.2063 1.2504 2.6855 -0.0713 0.1306 0.0888
60.0000 159.7972 1 80.0000 0.0000 2 0.2010 1.3666 2.6352 0.0541 0.0904 0.1202
60.0000 159.7972 1 80.0000 0.0000 2 0.1894 1.3426 2.6534 0.0447 0.1280 0.0575
60.0000 159.7972 1 80.0000 0.0000 2 0.2079 1.2164 2.9077 0.2045 0.0913 0.0594
60.0000 159.7972 1 80.0000 0.0000 2 0.1990 1.2406 3.2053 0.0947 0.0619 0.0832
60.0000 159.7972 1 80.0000 0.0000 2 0.1730 1.4199 2.5322 0.0819 0.0992 0.0621
60.0000 159.7972 1 80.0000 0.0000 2 0.1718 1.3624 2.5687 0.1102 0.0929 0.0636
60.0000 159.7972 1 80.0000 0.0000 2 0.1926 1.4420 2.9483 0.1173 0.1176 0.0790
