60.0000 167.4239 1 80.0000 0.0000 2 0.1016 2.7426 0.3941 0.0868 0.0436 0.0078
60.0000 167.4239 1 80.0000 0.0000 2 0.1038 2.8361 0.3822 0.0792 0.0441 0.0089
60.0000 167.4239 1 80.0000 0.0000 2 0.1018 2.7037 0.3886 0.1037 0.0450 0.0177
60.0000 167.4239 1 80.0000 0.0000 2 0.1021 2.7049 0.3358 0.0757 0.0470 0.0105
60.0000 167.4239 1 80.0000 0.0000 2 0.1025 2.6823 0.3625 0.0958 0.0499 0.0157
60.0000 167.4239 1 80.0000 0.0000 2 0.1007 2.8492 0.3867 0.0860 0.0414 0.0123
60.0000 167.4239 1 80.0000 0.0000 2 0.0998 2.7940 0.4252 0.0816 0.0507 0.0140
60.0000 167.4239 1 80.0000 0.0000 2 0.1003 2.7626 0.3794 0.0970 0.0426 0.0198
60.0000 167.4239 1 80.0000 0.0000 2 0.1036 2.6833 0.3275 0.0904 0.0483 0.0162
60.0000 167.4239 1 80.0000 0.0000 2 0.1076 2.8264 0.3685 0.0667 0.0503 0.0186
60.0000 167.4239 1 80.0000 0.0000 2 0.1047 2.8685 0.3694 0.0544 0.0480 0.0160
60.0000 167.4239 1 80.0000 0.0000 2 0.1059 2.7512 0.3834 0.0912 0.0494 0.0174
60.0000 167.4239 1 80.0000 0.0000 2 0.1058 2.7576 0.3606 0.0729 0.0492 0.0245
60.0000 167.4239 1 80.0000 0.0000 2 0.1052 2.7859 0.3805 0.1008 0.0448 0.0182
60.0000 167.4239 1 80.0000 0.0000 2 0.0991 2.8465 0.3731 0.0608 0.0456 0.0109
60.0000 167.4239 1 80.0000 0.0000 2 0.1064 2.8117 0.3783 0.0500 0.0462 0.0193
60.0000 167.4239 1 80.0000 0.0000 2 0.0978 2.8612 0.3509 0.0846 0.0455 0.0113
60.0000 167.4239 1 80.0000 0.0000 2 0.1092 2.7215 0.3768 0.0700 0.0491 0.0130
60.0000 167.4239 1 80.0000 0.0000 2 0.0995 2.7767 0.3674 0.0173 0.0466 0.0155
60.0000 167.4239 1 80.0000 0.0000 2 0.1044 2.8061 0.3403 0.0548 0.0478 0.0217
60.0000 167.4239 1 80.0000 0.0000 2 0.1003 2.9159 0.3848 0.0824 0.0508 0.0148
60.0000 167.4239 1 80.0000 0.0000 2 0.1042 2.8170 0.3199 0.0987 0.0439 0.0202
60.0000 167.4239 1 80.0000 0.0000 2 0.1036 2.8343 0.3651 0.0937 0.0385 0.0167
60.0000 167.4239 1 80.0000 0.0000 2 0.1023 2.9309 0.3655 0.0926 0.0398 0.0121
60.0000 167.4239 1 80.0000 0.0000 2 0.0984 2.6081 0.3901 0.0459 0.0453 0.0137
60.0000 167.4239 1 80.0000 0.0000 2 0.0961 2.7803 0.3457 0.0997 0.0434 0.0169
60.0000 167.4239 1 80.0000 0.0000 2 0.0970 2.9276 0.3480 0.0841 0.0541 0.0142
60.0000 167.4239 1 80.0000 0.0000 2 0.1093 2.8576 0.3569 0.0592 0.0418 0.0163
60.0000 167.4239 1 80.0000 0.0000 2 0.1051 2.8936 0.3860 0.0879 0.0473 0.0108
60.0000 167.4239 1 80.0000 0.0000 2 0.1055 2.8089 0.3917 0.0788 0.0519 0.0172
60.0000 167.4239 1 80.0000 0.0000 2 0.1048 2.8208 0.3709 0.0762 0.0488 0.0197
60.0000 167.4239 1 80.0000 0.0000 2 0.1041 2.7988 0.3755 0.0641 0.0471 0.0146
60.0000 167.4239 1 80.0000 0.0000 2 0.1028 2.8403 0.4062 0.1240 0.0445 0.0117
60.0000 167.4239 1 80.0000 0.0000 2 0.1077 2.8840 0.3989 0.1092 0.0430 0.0093
60.0000 167.4239 1 80.0000 0.0000 2 0.1067 2.8298 0.3535 0.0891 0.0477 0.0132
60.0000 167.4239 1 80.0000 0.0000 2 0.1062 2.7322 0.3493 0.1242 0.0460 0.0211
60.0000 167.4239 1 80.0000 0.0000 2 0.1081 2.8740 0.3748 0.0585 0.0421 0.0030
60.0000 167.4239 1 80.0000 0.0000 2 0.1011 2.9917 0.3377 0.1041 0.0468 0.0230
60.0000 167.4239 1 80.0000 0.0000 2 0.1104 2.8884 0.3611 0.1080 0.0444 0.0228
60.0000 167.4239 1 80.0000 0.0000 2 0.1029 2.7891 0.4027 0.0744 0.0474 0.0209
60.0000 167.4239 1 80.0000 0.0000 2 0.1010 2.7650 0.3596 0.1172 0.0520 0.0128
60.0000 167.4239 1 80.0000 0.0000 2 0.1053 2.8675 0.3964 0.0771 0.0526 0.0151
60.0000 167.4239 1 80.0000 0.0000 2 0.1026 2.6554 0.3729 0.0428 0.0549 0.0061
60.0000 167.4239 1 80.0000 0.0000 2 0.1073 2.9023 0.3519 0.0661 0.0501 0.0076
60.0000 167.4239 1 80.0000 0.0000 2 0.1014 2.7188 0.3555 0.1129 0.0484 0.0134
60.0000 167.4239 1 80.0000 0.0000 2 0.1131 2.7486 0.3633 0.0805 0.0457 0.0096
60.0000 167.4239 1 80.0000 0.0000 2 0.1033 2.7953 0.3573 0.0707 0.0487 0.0253
60.0000 167.4239 1 80.0000 0.0000 2 0.1069 2.7365 0.3701 0.0719 0.0463 0.0189
60.0000 167.4239 1 80.0000 0.0000 2 0.1087 2.9497 0.3444 0.0685 0.0513 0.0180
60.0000 167.4239 1 80.0000 0.0000 2 0.1031 2.7727 0.4102 0.0627 0.0409 0.0152
