60.0000 173.3886 1 80.0000 0.0000 2 0.1439 2.9748 0.9839 0.1173 0.1028 0.0488
60.0000 173.3886 1 80.0000 0.0000 2 0.1534 3.0169 0.9762 0.1423 0.1269 0.0627
60.0000 173.3886 1 80.0000 0.0000 2 0.1389 3.0166 0.9951 0.1515 0.1213 0.1279
60.0000 173.3886 1 80.0000 0.0000 2 0.1592 3.1080 1.0325 0.2542 0.0987 0.0885
60.0000 173.3886 1 80.0000 0.0000 2 0.1501 2.9023 1.0133 0.1990 0.0503 0.1024
60.0000 173.3886 1 80.0000 0.0000 2 0.1746 2.9530 0.9769 0.1552 0.1223 0.0961
60.0000 173.3886 1 80.0000 0.0000 2 0.1260 3.1306 0.9138 0.1310 0.1066 0.1520
60.0000 173.3886 1 80.0000 0.0000 2 0.1640 3.0338 0.9529 0.1592 0.1114 0.0948
60.0000 173.3886 1 80.0000 0.0000 2 0.1340 2.8198 0.9491 0.1078 0.1325 0.0990
60.0000 173.3886 1 80.0000 0.0000 2 0.1522 2.8583 1.0055 0.1611 0.0819 0.0863
60.0000 173.3886 1 80.0000 0.0000 2 0.1460 2.9949 0.9383 0.1814 0.0868 0.1261
60.0000 173.3886 1 80.0000 0.0000 2 0.1684 3.0055 0.9866 0.1728 0.0703 0.0533
60.0000 173.3886 1 80.0000 0.0000 2 0.1519 2.9364 0.9678 0.1443 0.1136 0.1123
60.0000 173.3886 1 80.0000 0.0000 2 0.1290 2.9682 0.9593 0.1499 0.1201 0.0444
60.0000 173.3886 1 80.0000 0.0000 2 0.1494 3.0293 0.9968 0.1770 0.1001 0.0823
60.0000 173.3886 1 80.0000 0.0000 2 0.1616 3.0289 0.9558 0.2158 0.1181 0.1180
60.0000 173.3886 1 80.0000 0.0000 2 0.1473 2.9444 0.9803 0.1278 0.1055 0.0807
60.0000 173.3886 1 80.0000 0.0000 2 0.1901 3.1502 0.9659 0.2094 0.1103 0.0911
60.0000 173.3886 1 80.0000 0.0000 2 0.1570 3.0614 1.0282 0.1835 0.1164 0.1203
60.0000 173.3886 1 80.0000 0.0000 2 0.1664 3.1189 1.0106 0.1781 0.1095 0.0917
60.0000 173.3886 1 80.0000 0.0000 2 0.1429 3.0737 0.9987 0.2224 0.0620 0.0769
60.0000 173.3886 1 80.0000 0.0000 2 0.1547 3.0680 0.9906 0.1920 0.1572 0.1041
60.0000 173.3886 1 80.0000 0.0000 2 0.1721 2.9246 0.9632 0.2002 0.1252 0.1479
60.0000 173.3886 1 80.0000 0.0000 2 0.1657 2.9597 0.9513 0.1538 0.1337 0.0743
60.0000 173.3886 1 80.0000 0.0000 2 0.1242 2.9065 1.0027 0.1944 0.1440 0.0395
60.0000 173.3886 1 80.0000 0.0000 2 0.1450 2.9162 0.9710 0.1659 0.0898 0.0711
60.0000 173.3886 1 80.0000 0.0000 2 0.1606 2.9653 1.0188 0.1909 0.0670 0.1069
60.0000 173.3886 1 80.0000 0.0000 2 0.1696 2.9879 1.0204 0.1477 0.1373 0.1224
60.0000 173.3886 1 80.0000 0.0000 2 0.1505 3.0933 0.9307 0.2077 0.0945 0.1145
60.0000 173.3886 1 80.0000 0.0000 2 0.1648 3.0040 1.0432 0.1630 0.1414 0.1007
60.0000 173.3886 1 80.0000 0.0000 2 0.1419 2.9859 0.9794 0.1872 0.1492 0.0879
60.0000 173.3886 1 80.0000 0.0000 2 0.1860 3.0566 0.9227 0.0842 0.1284 0.1079
60.0000 173.3886 1 80.0000 0.0000 2 0.1599 3.0497 0.9348 0.1323 0.0756 0.1324
60.0000 173.3886 1 80.0000 0.0000 2 0.1702 3.0460 0.9083 0.1970 0.1356 0.0931
60.0000 173.3886 1 80.0000 0.0000 2 0.1360 3.0873 1.0094 0.2317 0.1133 0.0604
60.0000 173.3886 1 80.0000 0.0000 2 0.1452 2.8811 1.0620 0.1381 0.1025 0.0358
60.0000 173.3886 1 80.0000 0.0000 2 0.1403 3.1785 0.9458 0.2237 0.1078 0.0812
60.0000 173.3886 1 80.0000 0.0000 2 0.1580 2.9796 0.9932 0.1569 0.1691 0.0982
60.0000 173.3886 1 80.0000 0.0000 2 0.1627 2.9998 0.9009 0.1707 0.0920 0.0265
60.0000 173.3886 1 80.0000 0.0000 2 0.1816 2.9285 0.9566 0.1756 0.0977 0.0727
60.0000 173.3886 1 80.0000 0.0000 2 0.1313 2.9389 1.0022 0.1646 0.0955 0.0570
60.0000 173.3886 1 80.0000 0.0000 2 0.1197 2.9796 1.0467 0.1400 0.0926 0.1165
60.0000 173.3886 1 80.0000 0.0000 2 0.1554 3.0214 1.0255 0.1898 0.1245 0.0649
60.0000 173.3886 1 80.0000 0.0000 2 0.1767 3.0788 0.9733 0.1734 0.0836 0.0839
60.0000 173.3886 1 80.0000 0.0000 2 0.1369 3.0387 0.9617 0.1684 0.1159 0.1409
60.0000 173.3886 1 80.0000 0.0000 2 0.1377 2.8911 0.9692 0.1666 0.1522 0.0698
60.0000 173.3886 1 80.0000 0.0000 2 0.1480 2.8562 0.9832 0.1796 0.1294 0.0587
60.0000 173.3886 1 80.0000 0.0000 2 0.1536 3.0107 0.9897 0.2110 0.0860 0.1095
60.0000 173.3886 1 80.0000 0.0000 2 0.1566 3.1014 0.9433 0.2049 0.1459 0.0788
60.0000 173.3886 1 80.0000 0.0000 2 0.1742 2.9486 0.9262 0.1862 0.0775 0.0680
