60.0000 164.9629 1 80.0000 0.0000 2 0.0980 0.7649 0.7116 0.1588 0.0370 0.0162
60.0000 164.9629 1 80.0000 0.0000 2 0.1231 0.7469 0.7333 0.1844 0.0390 0.0134
60.0000 164.9629 1 80.0000 0.0000 2 0.1086 0.7900 0.7402 0.1329 0.0388 0.0076
60.0000 164.9629 1 80.0000 0.0000 2 0.1005 0.7553 0.7300 0.1711 0.0378 0.0226
60.0000 164.9629 1 80.0000 0.0000 2 0.1100 0.7002 0.7178 0.1886 0.0379 0.0187
60.0000 164.9629 1 80.0000 0.0000 2 0.1085 0.6924 0.7217 0.1682 0.0374 0.0191
60.0000 164.9629 1 80.0000 0.0000 2 0.1050 0.8567 0.7194 0.2014 0.0376 0.0248
60.0000 164.9629 1 80.0000 0.0000 2 0.1168 0.7220 0.7098 0.1663 0.0401 0.0253
60.0000 164.9629 1 80.0000 0.0000 2 0.1161 0.8330 0.7025 0.1834 0.0395 0.0123
60.0000 164.9629 1 80.0000 0.0000 2 0.1200 0.6595 0.6980 0.1779 0.0382 0.0129
60.0000 164.9629 1 80.0000 0.0000 2 0.1273 0.6989 0.6907 0.2060 0.0375 0.0155
60.0000 164.9629 1 80.0000 0.0000 2 0.1173 0.8443 0.7073 0.1637 0.0396 0.0095
60.0000 164.9629 1 80.0000 0.0000 2 0.1179 0.7877 0.7540 0.1728 0.0361 0.0262
60.0000 164.9629 1 80.0000 0.0000 2 0.1159 0.8747 0.7225 0.1755 0.0389 0.0195
60.0000 164.9629 1 80.0000 0.0000 2 0.1110 0.6727 0.7121 0.1492 0.0379 0.0152
60.0000 164.9629 1 80.0000 0.0000 2 0.1046 0.7363 0.7373 0.2025 0.0363 0.0128
60.0000 164.9629 1 80.0000 0.0000 2 0.1149 0.8383 0.7698 0.1852 0.0397 0.0165
60.0000 164.9629 1 80.0000 0.0000 2 0.1027 0.7198 0.6816 0.2108 0.0373 0.0172
60.0000 164.9629 1 80.0000 0.0000 2 0.1123 0.6842 0.7154 0.1821 0.0384 0.0179
60.0000 164.9629 1 80.0000 0.0000 2 0.1151 0.7609 0.6942 0.1784 0.0368 0.0241
60.0000 164.9629 1 80.0000 0.0000 2 0.1135 0.8637 0.7180 0.1707 0.0369 0.0209
60.0000 164.9629 1 80.0000 0.0000 2 0.1348 0.8853 0.7433 0.1931 0.0382 0.0199
60.0000 164.9629 1 80.0000 0.0000 2 0.1274 0.6477 0.7271 0.1805 0.0371 0.0220
60.0000 164.9629 1 80.0000 0.0000 2 0.1192 0.7687 0.7274 0.1899 0.0378 0.0147
60.0000 164.9629 1 80.0000 0.0000 2 0.1217 0.7991 0.7232 0.1792 0.0377 0.0116
60.0000 164.9629 1 80.0000 0.0000 2 0.1246 0.7253 0.7467 0.1803 0.0403 0.0099
60.0000 164.9629 1 80.0000 0.0000 2 0.1289 0.7064 0.7501 0.1999 0.0374 0.0144
60.0000 164.9629 1 80.0000 0.0000 2 0.1074 0.6283 0.7094 0.1633 0.0380 0.0138
60.0000 164.9629 1 80.0000 0.0000 2 0.1304 0.8521 0.6946 0.1879 0.0384 0.0212
60.0000 164.9629 1 80.0000 0.0000 2 0.1326 0.7595 0.7139 0.1697 0.0382 0.0343
60.0000 164.9629 1 80.0000 0.0000 2 0.1240 0.7137 0.7337 0.1569 0.0385 0.0196
60.0000 164.9629 1 80.0000 0.0000 2 0.1225 0.7329 0.7253 0.1548 0.0391 0.0211
60.0000 164.9629 1 80.0000 0.0000 2 0.1202 0.7806 0.7165 0.1506 0.0383 0.0110
60.0000 164.9629 1 80.0000 0.0000 2 0.1211 0.9001 0.7283 0.1749 0.0386 0.0158
60.0000 164.9629 1 80.0000 0.0000 2 0.1428 0.8126 0.7586 0.1763 0.0372 0.0191
60.0000 164.9629 1 80.0000 0.0000 2 0.1144 0.8038 0.7425 0.1925 0.0391 0.0172
60.0000 164.9629 1 80.0000 0.0000 2 0.1258 0.8288 0.7368 0.1591 0.0387 0.0179
60.0000 164.9629 1 80.0000 0.0000 2 0.1208 0.7395 0.7243 0.1726 0.0386 0.0231
60.0000 164.9629 1 80.0000 0.0000 2 0.1093 0.7448 0.7035 0.1911 0.0388 0.0161
60.0000 164.9629 1 80.0000 0.0000 2 0.1125 0.8188 0.7148 0.1964 0.0365 0.0238
60.0000 164.9629 1 80.0000 0.0000 2 0.1297 0.7930 0.7059 0.1617 0.0375 0.0222
60.0000 164.9629 1 80.0000 0.0000 2 0.0927 0.7747 0.7255 0.1739 0.0398 0.0185
60.0000 164.9629 1 80.0000 0.0000 2 0.1191 0.7507 0.7001 0.1673 0.0405 0.0206
60.0000 164.9629 1 80.0000 0.0000 2 0.1136 0.7718 0.7444 0.1864 0.0367 0.0150
60.0000 164.9629 1 80.0000 0.0000 2 0.1237 0.8058 0.7309 0.1970 0.0387 0.0202
60.0000 164.9629 1 80.0000 0.0000 2 0.1066 0.9324 0.7199 0.1654 0.0381 0.0168
60.0000 164.9629 1 80.0000 0.0000 2 0.1115 0.6052 0.7065 0.2180 0.0393 0.0176
60.0000 164.9629 1 80.0000 0.0000 2 0.1185 0.7818 0.7353 0.1941 0.0358 0.0141
60.0000 164.9629 1 80.0000 0.0000 2 0.1347 0.8230 0.7317 0.1823 0.0394 0.0182
60.0000 164.9629 1 80.0000 0.0000 2 0.1262 0.8089 0.7385 0.1870 0.0380 0.0217
