60.0000 174.1986 1 80.0000 0.0000 2 0.1268 2.2248 0.6730 0.2393 0.2911 0.5240
60.0000 174.1986 1 80.0000 0.0000 2 0.1302 2.2016 0.6667 0.2192 0.0893 0.0269
60.0000 174.1986 1 80.0000 0.0000 2 0.1263 2.3102 0.6688 0.2324 -0.0789 0.0332
60.0000 174.1986 1 80.0000 0.0000 2 0.1293 2.2572 0.6637 0.2421 0.1525 -0.3174
60.0000 174.1986 1 80.0000 0.0000 2 0.1242 2.2473 0.6704 0.2170 0.1220 -0.0506
60.0000 174.1986 1 80.0000 0.0000 2 0.1313 2.2542 0.6675 0.2340 -0.2235 -0.1139
60.0000 174.1986 1 80.0000 0.0000 2 0.1292 2.1536 0.6629 0.2134 -0.0376 0.3596
60.0000 174.1986 1 80.0000 0.0000 2 0.1243 2.2292 0.6647 0.2508 -0.1588 0.2513
60.0000 174.1986 1 80.0000 0.0000 2 0.1300 2.2390 0.6604 0.2443 0.0815 0.0783
60.0000 174.1986 1 80.0000 0.0000 2 0.1290 2.2896 0.6736 0.2524 0.1960 0.1800
60.0000 174.1986 1 80.0000 0.0000 2 0.1234 2.3876 0.6655 0.2233 0.0246 0.0073
60.0000 174.1986 1 80.0000 0.0000 2 0.1275 2.3050 0.6611 0.2355 0.0940 -0.1778
60.0000 174.1986 1 80.0000 0.0000 2 0.1305 2.1748 0.6678 0.2287 0.0575 0.1122
60.0000 174.1986 1 80.0000 0.0000 2 0.1296 2.2144 0.6635 0.2491 0.1134 0.3001
60.0000 174.1986 1 80.0000 0.0000 2 0.1295 2.1682 0.6708 0.2147 0.0138 -0.2068
60.0000 174.1986 1 80.0000 0.0000 2 0.1282 2.2427 0.6723 0.2466 0.1430 -0.0450
60.0000 174.1986 1 80.0000 0.0000 2 0.1270 2.3562 0.6645 0.2278 0.1758 0.0452
60.0000 174.1986 1 80.0000 0.0000 2 0.1275 2.1891 0.6654 0.2555 0.2427 -0.0075
60.0000 174.1986 1 80.0000 0.0000 2 0.1296 2.2739 0.6682 0.2267 0.1708 0.1038
60.0000 174.1986 1 80.0000 0.0000 2 0.1320 2.2236 0.6684 0.2098 0.2182 0.2910
60.0000 174.1986 1 80.0000 0.0000 2 0.1288 2.2491 0.6693 0.2405 -0.1963 -0.2253
60.0000 174.1986 1 80.0000 0.0000 2 0.1270 2.2062 0.6620 0.2519 -0.1166 0.1645
60.0000 174.1986 1 80.0000 0.0000 2 0.1271 2.1328 0.6706 0.2617 0.0497 0.1585
60.0000 174.1986 1 80.0000 0.0000 2 0.1279 2.2649 0.6652 0.2775 0.3674 0.1443
60.0000 174.1986 1 80.0000 0.0000 2 0.1287 2.3277 0.6672 0.2452 0.0450 0.0560
60.0000 174.1986 1 80.0000 0.0000 2 0.1260 2.2883 0.6668 0.2430 0.1327 -0.0271
60.0000 174.1986 1 80.0000 0.0000 2 0.1316 2.2694 0.6632 0.2305 -0.1107 0.3692
60.0000 174.1986 1 80.0000 0.0000 2 0.1248 2.1852 0.6641 0.2461 0.1054 0.2072
60.0000 174.1986 1 80.0000 0.0000 2 0.1299 2.2841 0.6650 0.2536 -0.0216 -0.2484
60.0000 174.1986 1 80.0000 0.0000 2 0.1288 2.2945 0.6660 0.2219 -0.0742 -0.3353
60.0000 174.1986 1 80.0000 0.0000 2 0.1251 2.3242 0.6697 0.2380 0.2672 -0.1027
60.0000 174.1986 1 80.0000 0.0000 2 0.1255 2.2993 0.6689 0.2419 0.0347 -0.1552
60.0000 174.1986 1 80.0000 0.0000 2 0.1273 2.2198 0.6658 0.2484 0.3269 0.2254
60.0000 174.1986 1 80.0000 0.0000 2 0.1210 2.3375 0.6676 0.2249 0.2039 0.2695
60.0000 174.1986 1 80.0000 0.0000 2 0.1258 2.2713 0.6712 0.2672 -0.0629 -0.0703
60.0000 174.1986 1 80.0000 0.0000 2 0.1266 2.1965 0.6664 0.2257 -0.0173 -0.0185
60.0000 174.1986 1 80.0000 0.0000 2 0.1280 2.1215 0.6772 0.2360 -0.1370 0.1277
60.0000 174.1986 1 80.0000 0.0000 2 0.1261 2.2784 0.6662 0.2035 0.2930 0.2155
60.0000 174.1986 1 80.0000 0.0000 2 0.1278 2.0909 0.6623 0.2066 -0.0334 -0.0897
60.0000 174.1986 1 80.0000 0.0000 2 0.1327 2.4374 0.6700 0.2298 0.1575 -0.1222
60.0000 174.1986 1 80.0000 0.0000 2 0.1306 2.2626 0.6692 0.2310 0.1174 -0.1342
60.0000 174.1986 1 80.0000 0.0000 2 0.1307 2.3183 0.6681 0.2370 -0.0937 0.0982
60.0000 174.1986 1 80.0000 0.0000 2 0.1283 2.3113 0.6642 0.2382 -0.5167 0.0730
60.0000 174.1986 1 80.0000 0.0000 2 0.1310 2.3499 0.6716 0.2398 0.0681 0.0461
60.0000 174.1986 1 80.0000 0.0000 2 0.1281 2.3668 0.6666 0.2342 0.0194 0.0899
60.0000 174.1986 1 80.0000 0.0000 2 0.1264 2.2076 0.6686 0.2589 -0.0477 -0.0297
60.0000 174.1986 1 80.0000 0.0000 2 0.1337 2.2359 0.6673 0.2570 -0.0019 0.0139
60.0000 174.1986 1 80.0000 0.0000 2 0.1323 2.1611 0.6721 0.2203 0.2329 -0.0610
60.0000 174.1986 1 80.0000 0.0000 2 0.1285 2.3445 0.6558 0.2322 -0.0010 0.1935
60.0000 174.1986 1 80.0000 0.0000 2 0.1254 2.3771 0.6698 0.2213 0.0625 0.1377
