60.0000 173.0094 1 80.0000 0.0000 2 0.1264 4.1754 0.1851 0.0564 0.0367 0.0091
60.0000 173.0094 1 80.0000 0.0000 2 0.0713 4.0674 0.1750 0.2050 0.0402 0.0163
60.0000 173.0094 1 80.0000 0.0000 2 0.0180 3.9145 0.1724 0.2564 0.0405 0.0062
60.0000 173.0094 1 80.0000 0.0000 2 0.0938 3.9058 0.1741 0.1177 0.0338 0.0010
60.0000 173.0094 1 80.0000 0.0000 2 0.0799 3.8997 0.1687 0.2847 0.0469 0.0269
60.0000 173.0094 1 80.0000 0.0000 2 0.0683 4.0284 0.1995 0.2424 0.0395 0.0137
60.0000 173.0094 1 80.0000 0.0000 2 0.0727 3.8043 0.1943 0.2463 0.0391 0.0004
60.0000 173.0094 1 80.0000 0.0000 2 0.0911 4.0356 0.1966 0.2367 0.0473 0.0067
60.0000 173.0094 1 80.0000 0.0000 2 0.0073 4.1503 0.1777 0.3247 0.0499 0.0026
60.0000 173.0094 1 80.0000 0.0000 2 0.1649 3.9704 0.2021 0.3129 0.0440 0.0174
60.0000 173.0094 1 80.0000 0.0000 2 0.0627 3.9345 0.1782 0.2348 0.0504 0.0095
60.0000 173.0094 1 80.0000 0.0000 2 0.0973 4.1110 0.1879 0.1994 0.0411 0.0107
60.0000 173.0094 1 80.0000 0.0000 2 0.0504 4.0123 0.1535 0.2222 0.0451 0.0139
60.0000 173.0094 1 80.0000 0.0000 2 0.0490 3.9577 0.1893 0.1499 0.0508 0.0098
60.0000 173.0094 1 80.0000 0.0000 2 0.0129 3.8959 0.1724 0.1557 0.0415 0.0055
60.0000 173.0094 1 80.0000 0.0000 2 0.0850 4.0019 0.1904 0.2965 0.0433 0.0030
60.0000 173.0094 1 80.0000 0.0000 2 0.0647 4.0468 0.1660 0.0995 0.0465 0.0036
60.0000 173.0094 1 80.0000 0.0000 2 0.0679 3.9813 0.1840 0.2589 0.0424 0.0122
60.0000 173.0094 1 80.0000 0.0000 2 0.0389 4.0727 0.1639 0.2126 0.0355 0.0087
60.0000 173.0094 1 80.0000 0.0000 2 0.0780 3.8851 0.1756 0.2903 0.0422 -0.0017
60.0000 173.0094 1 80.0000 0.0000 2 0.0763 3.9905 0.1902 0.1615 0.0381 -0.0010
60.0000 173.0094 1 80.0000 0.0000 2 0.1239 4.0853 0.1955 0.2471 0.0445 0.0081
60.0000 173.0094 1 80.0000 0.0000 2 0.0834 4.1239 0.1799 0.2650 0.0530 0.0102
60.0000 173.0094 1 80.0000 0.0000 2 0.0579 4.0233 0.1828 0.2799 0.0489 0.0044
60.0000 173.0094 1 80.0000 0.0000 2 0.0524 4.1016 0.1795 0.2538 0.0361 0.0132
60.0000 173.0094 1 80.0000 0.0000 2 0.0753 4.2367 0.1869 0.3323 0.0444 0.0063
60.0000 173.0094 1 80.0000 0.0000 2 0.0616 3.9448 0.1931 0.1961 0.0379 0.0200
60.0000 173.0094 1 80.0000 0.0000 2 0.0441 3.8235 0.1738 0.2070 0.0485 -0.0025
60.0000 173.0094 1 80.0000 0.0000 2 0.1088 3.9879 0.1699 0.3411 0.0462 0.0145
60.0000 173.0094 1 80.0000 0.0000 2 0.1442 4.0469 0.1912 0.1861 0.0437 0.0099
60.0000 173.0094 1 80.0000 0.0000 2 0.0557 3.9420 0.1968 0.2744 0.0371 -0.0045
60.0000 173.0094 1 80.0000 0.0000 2 0.0881 3.9622 0.1591 0.1735 0.0453 0.0153
60.0000 173.0094 1 80.0000 0.0000 2 0.0474 4.0169 0.1810 0.2710 0.0458 0.0159
60.0000 173.0094 1 80.0000 0.0000 2 -0.0130 4.0603 0.2047 0.2176 0.0388 0.0058
60.0000 173.0094 1 80.0000 0.0000 2 0.1120 4.1284 0.1601 0.1377 0.0401 0.0128
60.0000 173.0094 1 80.0000 0.0000 2 0.0352 4.0967 0.1815 0.2194 0.0375 0.0185
60.0000 173.0094 1 80.0000 0.0000 2 0.1310 4.0919 0.1862 0.2946 0.0480 0.0115
60.0000 173.0094 1 80.0000 0.0000 2 0.0319 3.9962 0.1682 0.2689 0.0478 0.0020
60.0000 173.0094 1 80.0000 0.0000 2 0.1184 3.8523 0.1992 0.1814 0.0431 0.0002
60.0000 173.0094 1 80.0000 0.0000 2 0.0867 4.0535 0.1855 0.1270 0.0426 0.0071
60.0000 173.0094 1 80.0000 0.0000 2 0.1045 3.8388 0.1924 0.4549 0.0397 0.0040
60.0000 173.0094 1 80.0000 0.0000 2 0.0278 4.1418 0.1836 0.2306 0.0418 -0.0070
60.0000 173.0094 1 80.0000 0.0000 2 0.0291 3.7758 0.1708 0.3021 0.0435 0.0023
60.0000 173.0094 1 80.0000 0.0000 2 0.0960 3.9736 0.1647 0.1761 0.0448 0.0073
60.0000 173.0094 1 80.0000 0.0000 2 -0.0068 4.2083 0.1824 0.1909 0.0459 0.0048
60.0000 173.0094 1 80.0000 0.0000 2 0.1062 4.0317 0.2129 0.1654 0.0316 0.0119
60.0000 173.0094 1 80.0000 0.0000 2 0.0595 3.9255 0.1883 0.3629 0.0344 0.0078
60.0000 173.0094 1 80.0000 0.0000 2 0.0219 3.8683 0.1790 0.3524 0.0420 0.0051
60.0000 173.0094 1 80.0000 0.0000 2 0.1007 4.1942 0.1769 0.3180 0.0542 0.0110
60.0000 173.0094 1 80.0000 0.0000 2 0.0415 3.9498 0.2067 0.2287 0.0407 0.0084
