60.0000 167.3908 1 80.0000 0.0000 2 0.0967 2.9855 0.3165 0.0851 0.0456 0.0098
60.0000 167.3908 1 80.0000 0.0000 2 0.1041 2.8746 0.3201 0.0958 0.0469 0.0149
60.0000 167.3908 1 80.0000 0.0000 2 0.1058 2.9675 0.2987 0.0420 0.0446 0.0154
60.0000 167.3908 1 80.0000 0.0000 2 0.0840 2.9174 0.3415 0.1049 0.0498 0.0147
60.0000 167.3908 1 80.0000 0.0000 2 0.0935 2.9104 0.3305 0.1000 0.0441 0.0114
60.0000 167.3908 1 80.0000 0.0000 2 0.0997 3.0331 0.3669 0.0301 0.0443 0.0095
60.0000 167.3908 1 80.0000 0.0000 2 0.1014 3.0486 0.3233 0.0787 0.0424 0.0189
60.0000 167.3908 1 80.0000 0.0000 2 0.0920 2.9469 0.3125 0.0654 0.0431 0.0128
60.0000 167.3908 1 80.0000 0.0000 2 0.0949 3.0268 0.3016 0.0819 0.0479 0.0171
60.0000 167.3908 1 80.0000 0.0000 2 0.0983 2.9403 0.2927 0.0918 0.0468 0.0111
60.0000 167.3908 1 80.0000 0.0000 2 0.0981 2.9065 0.3169 0.0757 0.0464 0.0125
60.0000 167.3908 1 80.0000 0.0000 2 0.0965 2.9622 0.3256 0.0521 0.0483 0.0083
60.0000 167.3908 1 80.0000 0.0000 2 0.1018 2.7893 0.3214 0.0929 0.0453 0.0132
60.0000 167.3908 1 80.0000 0.0000 2 0.0922 3.0587 0.2897 0.0571 0.0466 0.0119
60.0000 167.3908 1 80.0000 0.0000 2 0.1046 2.8968 0.3136 0.0689 0.0499 0.0139
60.0000 167.3908 1 80.0000 0.0000 2 0.0979 2.9585 0.3495 0.0624 0.0504 0.0167
60.0000 167.3908 1 80.0000 0.0000 2 0.1002 3.0398 0.2935 0.0643 0.0491 0.0104
60.0000 167.3908 1 80.0000 0.0000 2 0.1092 3.0080 0.3071 0.0558 0.0512 0.0194
60.0000 167.3908 1 80.0000 0.0000 2 0.1052 3.0258 0.3395 0.0490 0.0459 0.0237
60.0000 167.3908 1 80.0000 0.0000 2 0.0940 2.9454 0.3104 0.0121 0.0488 0.0162
60.0000 167.3908 1 80.0000 0.0000 2 0.1001 2.8268 0.3082 0.0749 0.0436 0.0177
60.0000 167.3908 1 80.0000 0.0000 2 0.1021 2.8861 0.3188 0.0374 0.0478 0.0183
60.0000 167.3908 1 80.0000 0.0000 2 0.1068 2.9376 0.3336 0.0721 0.0495 0.0170
60.0000 167.3908 1 80.0000 0.0000 2 0.0988 3.0638 0.3463 0.0397 0.0489 0.0130
60.0000 167.3908 1 80.0000 0.0000 2 0.1007 2.8895 0.2993 0.0603 0.0460 0.0200
60.0000 167.3908 1 80.0000 0.0000 2 0.1024 2.9324 0.2734 0.0547 0.0486 0.0118
60.0000 167.3908 1 80.0000 0.0000 2 0.1012 2.9912 0.3031 0.0628 0.0477 0.0156
60.0000 167.3908 1 80.0000 0.0000 2 0.0930 2.9238 0.3094 0.0812 0.0493 0.0162
60.0000 167.3908 1 80.0000 0.0000 2 0.0999 2.9720 0.3377 0.0773 0.0518 0.0178
60.0000 167.3908 1 80.0000 0.0000 2 0.0974 2.9257 0.3298 0.0886 0.0484 0.0127
60.0000 167.3908 1 80.0000 0.0000 2 0.1034 3.0881 0.2830 0.1023 0.0440 0.0166
60.0000 167.3908 1 80.0000 0.0000 2 0.0931 2.9530 0.3152 0.0871 0.0526 0.0136
60.0000 167.3908 1 80.0000 0.0000 2 0.1029 3.0769 0.3180 0.0537 0.0514 0.0151
60.0000 167.3908 1 80.0000 0.0000 2 0.0994 2.9959 0.3009 0.0345 0.0510 0.0175
60.0000 167.3908 1 80.0000 0.0000 2 0.0969 2.8097 0.2887 0.0719 0.0416 0.0089
60.0000 167.3908 1 80.0000 0.0000 2 0.0985 2.9832 0.3363 0.0792 0.0469 0.0203
60.0000 167.3908 1 80.0000 0.0000 2 0.1034 3.1956 0.3048 0.0586 0.0473 0.0123
60.0000 167.3908 1 80.0000 0.0000 2 0.1008 3.1187 0.3220 0.0708 0.0450 0.0158
60.0000 167.3908 1 80.0000 0.0000 2 0.0957 3.0984 0.3272 0.0662 0.0535 0.0157
60.0000 167.3908 1 80.0000 0.0000 2 0.0963 2.8689 0.3043 0.0739 0.0402 0.0069
60.0000 167.3908 1 80.0000 0.0000 2 0.1076 3.0046 0.3242 0.0594 0.0475 0.0208
60.0000 167.3908 1 80.0000 0.0000 2 0.0960 2.8647 0.3111 0.1137 0.0481 0.0141
60.0000 167.3908 1 80.0000 0.0000 2 0.0944 3.0007 0.3279 0.0476 0.0457 0.0187
60.0000 167.3908 1 80.0000 0.0000 2 0.0906 2.8404 0.2951 0.0459 0.0462 0.0113
60.0000 167.3908 1 80.0000 0.0000 2 0.0894 2.9634 0.2972 0.0840 0.0452 0.0135
60.0000 167.3908 1 80.0000 0.0000 2 0.0953 2.8560 0.3316 0.0903 0.0429 0.0144
60.0000 167.3908 1 80.0000 0.0000 2 0.0990 3.0115 0.2851 0.0673 0.0471 0.0108
60.0000 167.3908 1 80.0000 0.0000 2 0.0975 3.0170 0.3140 0.0438 0.0506 0.0144
60.0000 167.3908 1 80.0000 0.0000 2 0.0949 2.9022 0.3060 0.0693 0.0502 0.0140
60.0000 167.3908 1 80.0000 0.0000 2 0.0910 2.9769 0.2772 0.0506 0.0558 0.0151
