60.0000 175.5788 1 80.0000 0.0000 2 0.1398 3.0793 2.6206 0.1738 0.1823 0.0811
60.0000 175.5788 1 80.0000 0.0000 2 0.1442 3.1250 2.6029 0.1805 0.1749 0.0759
60.0000 175.5788 1 80.0000 0.0000 2 0.1541 3.1440 2.5882 0.1864 0.1748 0.0688
60.0000 175.5788 1 80.0000 0.0000 2 0.1581 3.2298 2.6829 0.1729 0.1714 0.0850
60.0000 175.5788 1 80.0000 0.0000 2 0.1496 3.0547 2.6855 0.1716 0.1625 0.0762
60.0000 175.5788 1 80.0000 0.0000 2 0.1429 3.1311 2.5906 0.1896 0.1709 0.0803
60.0000 175.5788 1 80.0000 0.0000 2 0.1515 3.1727 2.6515 0.1825 0.1719 0.0811
60.0000 175.5788 1 80.0000 0.0000 2 0.1436 3.1605 2.6379 0.1696 0.1503 0.0728
60.0000 175.5788 1 80.0000 0.0000 2 0.1633 3.1367 2.5786 0.1774 0.1873 0.0793
60.0000 175.5788 1 80.0000 0.0000 2 0.1451 3.1057 2.6176 0.1820 0.1770 0.0741
60.0000 175.5788 1 80.0000 0.0000 2 0.1470 3.2460 2.6425 0.1595 0.1577 0.0752
60.0000 175.5788 1 80.0000 0.0000 2 0.1530 3.1403 2.6590 0.1611 0.1723 0.0830
60.0000 175.5788 1 80.0000 0.0000 2 0.1562 3.0802 2.6315 0.1845 0.1607 0.0766
60.0000 175.5788 1 80.0000 0.0000 2 0.1420 3.1911 2.6787 0.1718 0.1672 0.0764
60.0000 175.5788 1 80.0000 0.0000 2 0.1341 3.3002 2.6274 0.1779 0.1773 0.0844
60.0000 175.5788 1 80.0000 0.0000 2 0.1505 3.1145 2.5651 0.1607 0.1763 0.0745
60.0000 175.5788 1 80.0000 0.0000 2 0.1596 3.1121 2.6072 0.1653 0.1636 0.0721
60.0000 175.5788 1 80.0000 0.0000 2 0.1626 3.0486 2.6168 0.1827 0.1785 0.0714
60.0000 175.5788 1 80.0000 0.0000 2 0.1589 2.9346 2.6542 0.1641 0.1727 0.0817
60.0000 175.5788 1 80.0000 0.0000 2 0.1415 3.0865 2.6040 0.2029 0.1686 0.0797
60.0000 175.5788 1 80.0000 0.0000 2 0.1585 3.1543 2.6656 0.1759 0.1645 0.0780
60.0000 175.5788 1 80.0000 0.0000 2 0.1482 3.1177 2.6638 0.1512 0.1698 0.0898
60.0000 175.5788 1 80.0000 0.0000 2 0.1572 3.0047 2.6245 0.1799 0.1743 0.0805
60.0000 175.5788 1 80.0000 0.0000 2 0.1617 3.2155 2.7613 0.1711 0.1569 0.0826
60.0000 175.5788 1 80.0000 0.0000 2 0.1463 3.2848 2.5599 0.1695 0.1738 0.0773
60.0000 175.5788 1 80.0000 0.0000 2 0.1530 3.2584 2.7026 0.1734 0.1782 0.0822
60.0000 175.5788 1 80.0000 0.0000 2 0.1560 3.0702 2.5816 0.1854 0.1761 0.0802
60.0000 175.5788 1 80.0000 0.0000 2 0.1653 3.1810 2.6484 0.1876 0.1660 0.0873
60.0000 175.5788 1 80.0000 0.0000 2 0.1486 3.0970 2.6483 0.1668 0.1792 0.0821
60.0000 175.5788 1 80.0000 0.0000 2 0.1473 3.2097 2.6126 0.1649 0.1630 0.0878
60.0000 175.5788 1 80.0000 0.0000 2 0.1555 3.1626 2.7100 0.1841 0.1674 0.0907
60.0000 175.5788 1 80.0000 0.0000 2 0.1459 3.1899 2.6616 0.1765 0.1732 0.0692
60.0000 175.5788 1 80.0000 0.0000 2 0.1543 3.2394 2.6219 0.1682 0.1668 0.0705
60.0000 175.5788 1 80.0000 0.0000 2 0.1373 3.1003 2.6332 0.1671 0.1795 0.0780
60.0000 175.5788 1 80.0000 0.0000 2 0.1497 3.1960 2.6301 0.1752 0.1831 0.0838
60.0000 175.5788 1 80.0000 0.0000 2 0.1490 3.1336 2.7205 0.1794 0.1861 0.0752
60.0000 175.5788 1 80.0000 0.0000 2 0.1367 3.1509 2.6002 0.1887 0.1701 0.0707
60.0000 175.5788 1 80.0000 0.0000 2 0.1510 3.1559 2.6703 0.1781 0.1835 0.0855
60.0000 175.5788 1 80.0000 0.0000 2 0.1678 3.2186 2.6558 0.1725 0.1848 0.0731
60.0000 175.5788 1 80.0000 0.0000 2 0.1567 3.1759 2.5501 0.1766 0.1600 0.0748
60.0000 175.5788 1 80.0000 0.0000 2 0.1477 3.1673 2.6403 0.1747 0.1755 0.0840
60.0000 175.5788 1 80.0000 0.0000 2 0.1602 3.2038 2.6115 0.1684 0.1957 0.0602
60.0000 175.5788 1 80.0000 0.0000 2 0.1722 3.0422 2.6983 0.1926 0.1650 0.0789
60.0000 175.5788 1 80.0000 0.0000 2 0.1535 3.1864 2.6736 0.1742 0.1800 0.0775
60.0000 175.5788 1 80.0000 0.0000 2 0.1395 3.1243 2.5964 0.1632 0.1693 0.0864
60.0000 175.5788 1 80.0000 0.0000 2 0.1548 3.2270 2.6871 0.1663 0.1900 0.0792
60.0000 175.5788 1 80.0000 0.0000 2 0.1520 3.2643 2.6720 0.1789 0.1806 0.0784
60.0000 175.5788 1 80.0000 0.0000 2 0.1447 3.0925 2.6452 0.1810 0.1705 0.0769
60.0000 175.5788 1 80.0000 0.0000 2 0.1523 3.0259 2.6914 0.1702 0.1681 0.0669
60.0000 175.5788 1 80.0000 0.0000 2 0.1506 3.0632 2.6358 0.1565 0.1814 0.0736
