60.0000 171.4719 1 80.0000 0.0000 2 0.1286 0.4593 0.2211 0.0481 -0.0255 -0.2613
60.0000 171.4719 1 80.0000 0.0000 2 0.1298 0.2178 0.2151 -0.0635 -0.0470 0.2192
60.0000 171.4719 1 80.0000 0.0000 2 0.1351 0.2911 0.2177 -0.0198 0.1674 0.1307
60.0000 171.4719 1 80.0000 0.0000 2 0.1177 0.4567 0.2227 0.0626 -0.2146 -0.1024
60.0000 171.4719 1 80.0000 0.0000 2 0.1726 0.5177 0.1942 0.0178 0.0356 -0.0346
60.0000 171.4719 1 80.0000 0.0000 2 0.1268 0.4135 0.2186 0.0247 0.2065 -0.1237
60.0000 171.4719 1 80.0000 0.0000 2 0.1435 0.4035 0.2119 0.0591 0.0050 0.3749
60.0000 171.4719 1 80.0000 0.0000 2 0.1570 0.4632 0.2215 -0.0486 -0.1897 -0.3553
60.0000 171.4719 1 80.0000 0.0000 2 0.1280 0.5274 0.2188 -0.0258 -0.0220 0.1643
60.0000 171.4719 1 80.0000 0.0000 2 0.1363 0.4855 0.2199 0.0274 -0.0901 -0.3274
60.0000 171.4719 1 80.0000 0.0000 2 0.1312 0.3774 0.2096 0.0709 0.0231 -0.0408
60.0000 171.4719 1 80.0000 0.0000 2 0.1392 0.4423 0.2203 0.0319 0.0565 0.0142
60.0000 171.4719 1 80.0000 0.0000 2 0.0851 0.3624 0.2170 -0.0742 0.0893 0.1192
60.0000 171.4719 1 80.0000 0.0000 2 0.1477 0.3250 0.2266 -0.0121 0.1267 0.4399
60.0000 171.4719 1 80.0000 0.0000 2 0.1334 0.3224 0.2135 -0.0324 -0.1549 -0.0016
60.0000 171.4719 1 80.0000 0.0000 2 0.1210 0.5358 0.2147 0.0370 0.1899 0.1098
60.0000 171.4719 1 80.0000 0.0000 2 0.1602 0.4805 0.2104 0.0878 0.0149 -0.0220
60.0000 171.4719 1 80.0000 0.0000 2 0.1455 0.4980 0.2160 0.0078 0.0613 0.2089
60.0000 171.4719 1 80.0000 0.0000 2 0.1405 0.6609 0.2038 0.1094 -0.0695 -0.0122
60.0000 171.4719 1 80.0000 0.0000 2 0.0932 0.4305 0.2285 0.0972 0.1197 0.1494
60.0000 171.4719 1 80.0000 0.0000 2 0.1622 0.5547 0.2296 0.1054 0.0795 0.2455
60.0000 171.4719 1 80.0000 0.0000 2 0.1684 0.3977 0.2059 0.1482 0.0488 0.2748
60.0000 171.4719 1 80.0000 0.0000 2 0.1418 0.2952 0.2169 0.1229 -0.0010 -0.1747
60.0000 171.4719 1 80.0000 0.0000 2 0.1528 0.5602 0.2122 0.0351 0.0203 0.0399
60.0000 171.4719 1 80.0000 0.0000 2 0.1447 0.4694 0.2152 -0.0068 -0.0032 -0.2050
60.0000 171.4719 1 80.0000 0.0000 2 0.1828 0.4470 0.2141 0.0702 0.1307 0.2573
60.0000 171.4719 1 80.0000 0.0000 2 0.1494 0.3907 0.2133 0.0067 0.0744 0.3354
60.0000 171.4719 1 80.0000 0.0000 2 0.1463 0.2740 0.2101 0.0775 -0.0990 -0.1555
60.0000 171.4719 1 80.0000 0.0000 2 0.1226 0.2551 0.2055 0.1300 0.0328 0.0938
60.0000 171.4719 1 80.0000 0.0000 2 0.1386 0.6831 0.2220 0.1121 -0.1115 0.6210
60.0000 171.4719 1 80.0000 0.0000 2 0.1330 0.3465 0.2336 0.2333 0.2322 0.1411
60.0000 171.4719 1 80.0000 0.0000 2 0.1131 0.1963 0.2069 0.0545 0.0444 0.0785
60.0000 171.4719 1 80.0000 0.0000 2 0.1863 0.5118 0.2245 0.0664 0.1439 -0.2770
60.0000 171.4719 1 80.0000 0.0000 2 0.1587 0.4205 0.2086 0.1613 0.1831 0.5072
60.0000 171.4719 1 80.0000 0.0000 2 0.1253 0.6124 0.2322 0.1004 0.1575 -0.0870
60.0000 171.4719 1 80.0000 0.0000 2 0.1539 0.5805 0.2164 0.0570 0.1506 0.0634
60.0000 171.4719 1 80.0000 0.0000 2 0.1636 0.3685 0.1988 0.1365 -0.0401 -0.0634
60.0000 171.4719 1 80.0000 0.0000 2 0.0980 0.5014 0.2234 -0.0012 0.2215 -0.1634
60.0000 171.4719 1 80.0000 0.0000 2 0.1761 0.5424 0.2023 0.0856 0.2878 0.0443
60.0000 171.4719 1 80.0000 0.0000 2 0.1514 0.4271 0.2182 0.1204 -0.0145 -0.0789
60.0000 171.4719 1 80.0000 0.0000 2 0.1672 0.3724 0.2194 0.0436 0.3680 0.3003
60.0000 171.4719 1 80.0000 0.0000 2 0.1375 0.5959 0.2247 -0.0022 -0.1353 0.0689
60.0000 171.4719 1 80.0000 0.0000 2 0.1197 0.3508 0.2003 0.0756 0.0697 -0.1165
60.0000 171.4719 1 80.0000 0.0000 2 0.1052 0.3051 0.2116 0.0812 0.1123 0.1822
60.0000 171.4719 1 80.0000 0.0000 2 0.1098 0.5726 0.2110 0.0411 -0.0576 0.1875
60.0000 171.4719 1 80.0000 0.0000 2 0.1126 0.3847 0.2050 0.0926 -0.0312 -0.2266
60.0000 171.4719 1 80.0000 0.0000 2 0.1241 0.3350 0.2084 0.0512 0.1048 0.3198
60.0000 171.4719 1 80.0000 0.0000 2 0.1046 0.4091 0.2073 0.1680 0.0900 -0.4205
60.0000 171.4719 1 80.0000 0.0000 2 0.1555 0.4899 0.2262 0.0119 -0.0790 0.0193
60.0000 171.4719 1 80.0000 0.0000 2 0.1149 0.4398 0.2128 0.0209 0.0989 0.4053
