60.0000 167.6616 1 80.0000 0.0000 2 0.1229 1.1087 0.3355 0.0688 0.1221 -0.0434
60.0000 167.6616 1 80.0000 0.0000 2 0.1486 1.0767 0.3292 0.0650 0.0548 0.2010
60.0000 167.6616 1 80.0000 0.0000 2 0.1459 1.0250 0.3156 0.0169 0.0368 0.2432
60.0000 167.6616 1 80.0000 0.0000 2 0.1876 1.0563 0.3134 0.0472 0.0233 0.3000
60.0000 167.6616 1 80.0000 0.0000 2 0.1542 1.2115 0.3138 0.0571 0.0122 0.0944
60.0000 167.6616 1 80.0000 0.0000 2 0.1350 1.0920 0.3120 0.0422 0.0954 -0.2643
60.0000 167.6616 1 80.0000 0.0000 2 0.1523 1.0027 0.3182 0.0627 -0.0325 -0.0127
60.0000 167.6616 1 80.0000 0.0000 2 0.1664 1.0092 0.3094 0.0393 0.0813 0.0034
60.0000 167.6616 1 80.0000 0.0000 2 0.1605 1.0643 0.3383 0.0498 0.0694 0.0272
60.0000 167.6616 1 80.0000 0.0000 2 0.1422 0.9285 0.3176 0.0778 -0.0027 -0.1933
60.0000 167.6616 1 80.0000 0.0000 2 0.1513 0.8602 0.3416 0.0331 0.1045 0.1179
60.0000 167.6616 1 80.0000 0.0000 2 0.1781 1.1901 0.3279 0.0709 0.0754 0.0553
60.0000 167.6616 1 80.0000 0.0000 2 0.1966 0.8653 0.2981 0.0414 0.0286 0.0837
60.0000 167.6616 1 80.0000 0.0000 2 0.1824 1.2362 0.3171 0.0264 0.1122 -0.0927
60.0000 167.6616 1 80.0000 0.0000 2 0.1497 1.0414 0.3232 0.0508 0.0398 0.1246
60.0000 167.6616 1 80.0000 0.0000 2 0.1317 1.0589 0.3212 0.0558 -0.1044 -0.0366
60.0000 167.6616 1 80.0000 0.0000 2 0.1704 1.0169 0.3258 0.0447 0.0888 -0.0638
60.0000 167.6616 1 80.0000 0.0000 2 0.1467 1.1315 0.3081 0.0213 -0.0820 -0.0534
60.0000 167.6616 1 80.0000 0.0000 2 0.1295 0.9919 0.3216 0.0762 -0.1713 0.0713
60.0000 167.6616 1 80.0000 0.0000 2 0.1587 0.9861 0.3108 0.0438 0.0001 0.0162
60.0000 167.6616 1 80.0000 0.0000 2 0.1745 1.0836 0.3083 0.0334 -0.0289 0.1519
60.0000 167.6616 1 80.0000 0.0000 2 0.1560 1.2469 0.3365 0.0176 -0.0210 -0.1390
60.0000 167.6616 1 80.0000 0.0000 2 0.1402 0.9775 0.2834 0.0738 0.0843 0.1400
60.0000 167.6616 1 80.0000 0.0000 2 0.1362 1.0460 0.3273 0.0517 0.1530 -0.1236
60.0000 167.6616 1 80.0000 0.0000 2 0.1446 1.0531 0.3326 0.0242 0.0459 -0.0815
60.0000 167.6616 1 80.0000 0.0000 2 0.1287 1.1011 0.3062 0.0863 0.0048 -0.0480
60.0000 167.6616 1 80.0000 0.0000 2 0.1580 1.0787 0.3304 0.0390 -0.0482 -0.0717
60.0000 167.6616 1 80.0000 0.0000 2 0.1632 0.9519 0.3187 0.0353 -0.0601 0.0705
60.0000 167.6616 1 80.0000 0.0000 2 0.1393 1.1771 0.2994 0.0549 0.0595 0.1816
60.0000 167.6616 1 80.0000 0.0000 2 0.1328 1.1028 0.3195 0.0635 0.0616 0.0375
60.0000 167.6616 1 80.0000 0.0000 2 0.1567 1.0317 0.3319 0.0136 -0.0380 0.0842
60.0000 167.6616 1 80.0000 0.0000 2 0.1724 1.0363 0.3103 -0.0018 -0.0883 -0.1033
60.0000 167.6616 1 80.0000 0.0000 2 0.1675 0.9427 0.3200 0.0829 0.0339 0.0065
60.0000 167.6616 1 80.0000 0.0000 2 0.1599 1.1275 0.3253 0.0527 0.1189 0.1115
60.0000 167.6616 1 80.0000 0.0000 2 0.1643 0.9039 0.3039 0.0426 0.1321 -0.1545
60.0000 167.6616 1 80.0000 0.0000 2 0.1619 0.9165 0.3506 0.0587 0.1306 -0.0154
60.0000 167.6616 1 80.0000 0.0000 2 0.1256 0.9670 0.2951 0.0317 0.2315 -0.0241
60.0000 167.6616 1 80.0000 0.0000 2 0.1432 0.9943 0.3054 0.0221 0.2013 0.2324
60.0000 167.6616 1 80.0000 0.0000 2 0.1067 0.9753 0.3036 0.0301 0.0197 0.1612
60.0000 167.6616 1 80.0000 0.0000 2 0.1391 1.1546 0.3020 0.0673 -0.0108 -0.0015
60.0000 167.6616 1 80.0000 0.0000 2 0.1503 1.1493 0.3162 0.0608 0.0503 0.0476
60.0000 167.6616 1 80.0000 0.0000 2 0.1649 1.1652 0.3266 0.0459 0.1859 0.1748
60.0000 167.6616 1 80.0000 0.0000 2 0.1529 0.9570 0.3149 0.0484 0.0150 0.0602
60.0000 167.6616 1 80.0000 0.0000 2 0.1218 1.1180 0.3301 0.0603 0.1437 0.1313
60.0000 167.6616 1 80.0000 0.0000 2 0.1474 1.0272 0.3226 0.0358 0.1685 0.0212
60.0000 167.6616 1 80.0000 0.0000 2 0.1691 1.0868 0.3345 0.0376 0.1625 0.0413
60.0000 167.6616 1 80.0000 0.0000 2 0.1374 1.0703 0.3129 0.0540 0.1006 0.2055
60.0000 167.6616 1 80.0000 0.0000 2 0.1137 1.1214 0.3219 0.0285 0.0656 0.1009
60.0000 167.6616 1 80.0000 0.0000 2 0.1435 1.1408 0.3459 0.1185 -0.0642 0.3066
60.0000 167.6616 1 80.0000 0.0000 2 0.1550 1.0112 0.3242 0.0084 -0.0141 -0.1640
