60.0000 166.6188 1 80.0000 0.0000 2 0.1160 0.8800 0.7546 0.2296 0.0372 0.0172
60.0000 166.6188 1 80.0000 0.0000 2 0.1042 0.8915 0.7509 0.2222 0.0376 0.0213
60.0000 166.6188 1 80.0000 0.0000 2 0.1142 0.9402 0.7256 0.2286 0.0360 0.0202
60.0000 166.6188 1 80.0000 0.0000 2 0.0923 0.9215 0.6746 0.2324 0.0436 0.0165
60.0000 166.6188 1 80.0000 0.0000 2 0.1090 0.9026 0.6840 0.2107 0.0403 0.0280
60.0000 166.6188 1 80.0000 0.0000 2 0.1098 0.9467 0.6931 0.2267 0.0399 0.0187
60.0000 166.6188 1 80.0000 0.0000 2 0.1044 0.9806 0.7196 0.2193 0.0408 0.0356
60.0000 166.6188 1 80.0000 0.0000 2 0.1020 0.9838 0.7138 0.2168 0.0399 0.0183
60.0000 166.6188 1 80.0000 0.0000 2 0.0992 0.8940 0.7399 0.2304 0.0386 0.0262
60.0000 166.6188 1 80.0000 0.0000 2 0.1071 0.9175 0.7167 0.2234 0.0402 0.0122
60.0000 166.6188 1 80.0000 0.0000 2 0.1080 1.0108 0.7712 0.2402 0.0388 0.0161
60.0000 166.6188 1 80.0000 0.0000 2 0.1032 1.0388 0.6915 0.2133 0.0362 0.0403
60.0000 166.6188 1 80.0000 0.0000 2 0.1011 0.8998 0.7086 0.2276 0.0392 0.0193
60.0000 166.6188 1 80.0000 0.0000 2 0.1278 0.9602 0.7428 0.2202 0.0393 0.0307
60.0000 166.6188 1 80.0000 0.0000 2 0.1115 1.0028 0.7224 0.2142 0.0369 0.0138
60.0000 166.6188 1 80.0000 0.0000 2 0.1093 1.0072 0.7066 0.2262 0.0422 0.0208
60.0000 166.6188 1 80.0000 0.0000 2 0.1210 0.9102 0.7476 0.2235 0.0406 0.0244
60.0000 166.6188 1 80.0000 0.0000 2 0.1112 0.9275 0.7619 0.2307 0.0380 0.0292
60.0000 166.6188 1 80.0000 0.0000 2 0.1202 0.9241 0.8004 0.2181 0.0390 0.0286
60.0000 166.6188 1 80.0000 0.0000 2 0.1065 0.9656 0.7119 0.2156 0.0395 0.0219
60.0000 166.6188 1 80.0000 0.0000 2 0.1228 0.9113 0.6493 0.2177 0.0407 0.0060
60.0000 166.6188 1 80.0000 0.0000 2 0.1078 0.9682 0.6577 0.2240 0.0393 0.0225
60.0000 166.6188 1 80.0000 0.0000 2 0.1060 0.9942 0.7276 0.2270 0.0404 0.0150
60.0000 166.6188 1 80.0000 0.0000 2 0.1132 1.2015 0.7186 0.2359 0.0385 0.0242
60.0000 166.6188 1 80.0000 0.0000 2 0.1025 0.9594 0.7055 0.2183 0.0382 0.0327
60.0000 166.6188 1 80.0000 0.0000 2 0.1107 0.9495 0.6678 0.2219 0.0354 0.0235
60.0000 166.6188 1 80.0000 0.0000 2 0.1242 1.0782 0.6843 0.2076 0.0390 0.0108
60.0000 166.6188 1 80.0000 0.0000 2 0.1187 1.0242 0.6794 0.2245 0.0409 0.0269
60.0000 166.6188 1 80.0000 0.0000 2 0.1129 1.0884 0.6958 0.2115 0.0414 0.0298
60.0000 166.6188 1 80.0000 0.0000 2 0.1088 0.8438 0.7338 0.2212 0.0401 0.0338
60.0000 166.6188 1 80.0000 0.0000 2 0.1163 0.9334 0.7575 0.2210 0.0379 0.0318
60.0000 166.6188 1 80.0000 0.0000 2 0.1055 0.9543 0.6970 0.2331 0.0417 0.0099
60.0000 166.6188 1 80.0000 0.0000 2 0.0986 0.9772 0.7380 0.1895 0.0382 0.0190
60.0000 166.6188 1 80.0000 0.0000 2 0.0997 0.9741 0.7293 0.2251 0.0396 0.0230
60.0000 166.6188 1 80.0000 0.0000 2 0.1006 0.9951 0.7040 0.2449 0.0415 0.0158
60.0000 166.6188 1 80.0000 0.0000 2 0.1034 1.0186 0.7011 0.2281 0.0367 0.0254
60.0000 166.6188 1 80.0000 0.0000 2 0.1149 0.9367 0.6715 0.2148 0.0418 0.0069
60.0000 166.6188 1 80.0000 0.0000 2 0.0973 0.8625 0.6656 0.2317 0.0374 0.0278
60.0000 166.6188 1 80.0000 0.0000 2 0.1074 1.0255 0.7098 0.2201 0.0383 0.0197
60.0000 166.6188 1 80.0000 0.0000 2 0.1175 0.9886 0.6979 0.2095 0.0387 0.0133
60.0000 166.6188 1 80.0000 0.0000 2 0.1138 0.8700 0.6880 0.2163 0.0440 0.0223
60.0000 166.6188 1 80.0000 0.0000 2 0.1122 1.0643 0.6414 0.2154 0.0412 0.0256
60.0000 166.6188 1 80.0000 0.0000 2 0.0953 1.0466 0.6899 0.2257 0.0396 0.0142
60.0000 166.6188 1 80.0000 0.0000 2 0.1052 1.0307 0.6770 0.2120 0.0429 0.0205
60.0000 166.6188 1 80.0000 0.0000 2 0.1193 0.9432 0.7442 0.2032 0.0421 0.0176
60.0000 166.6188 1 80.0000 0.0000 2 0.1123 0.7236 0.7240 0.2370 0.0424 0.0365
60.0000 166.6188 1 80.0000 0.0000 2 0.1153 0.8830 0.7026 0.2074 0.0405 0.0307
60.0000 166.6188 1 80.0000 0.0000 2 0.1169 0.8396 0.7312 0.2227 0.0398 0.0250
60.0000 166.6188 1 80.0000 0.0000 2 0.1102 0.8262 0.7152 0.2188 0.0411 0.0236
60.0000 166.6188 1 80.0000 0.0000 2 0.0947 0.8594 0.7355 0.2342 0.0374 0.0265
