60.0000 160.1093 1 80.0000 0.0000 2 0.1783 1.4300 2.7273 0.0666 0.1119 0.0757
60.0000 160.1093 1 80.0000 0.0000 2 0.2113 1.3189 2.6258 0.0183 0.1090 0.0364
60.0000 160.1093 1 80.0000 0.0000 2 0.1800 1.2779 2.4681 0.0105 0.0993 0.0677
60.0000 160.1093 1 80.0000 0.0000 2 0.2032 1.3697 2.9245 0.0002 0.0739 0.0469
60.0000 160.1093 1 80.0000 0.0000 2 0.1750 1.3140 2.7766 0.0035 0.1061 0.0577
60.0000 160.1093 1 80.0000 0.0000 2 0.1964 1.2411 2.6764 0.1039 0.0812 0.0847
60.0000 160.1093 1 80.0000 0.0000 2 0.1906 1.4747 3.0005 0.1187 0.0696 0.0919
60.0000 160.1093 1 80.0000 0.0000 2 0.1745 1.2935 2.9364 0.0816 0.0842 0.0708
60.0000 160.1093 1 80.0000 0.0000 2 0.2136 1.2452 2.7938 0.0494 0.0770 0.0565
60.0000 160.1093 1 80.0000 0.0000 2 0.1827 1.2628 2.6987 0.2127 0.0904 0.0755
60.0000 160.1093 1 80.0000 0.0000 2 0.1847 1.2992 2.8590 0.0564 0.0883 0.0132
60.0000 160.1093 1 80.0000 0.0000 2 0.1936 1.2963 3.1374 0.1558 0.0939 0.0782
60.0000 160.1093 1 80.0000 0.0000 2 0.2083 1.3804 2.7623 0.1653 0.0980 0.0728
60.0000 160.1093 1 80.0000 0.0000 2 0.1880 1.3272 2.5230 0.0961 0.0731 0.1059
60.0000 160.1093 1 80.0000 0.0000 2 0.1820 1.4197 2.8335 -0.0176 0.1192 0.0667
60.0000 160.1093 1 80.0000 0.0000 2 0.1943 1.2891 2.5434 0.0350 0.0581 0.0692
60.0000 160.1093 1 80.0000 0.0000 2 0.1704 1.3299 2.4995 0.0641 0.1243 0.0305
60.0000 160.1093 1 80.0000 0.0000 2 0.1714 1.2352 2.5609 0.0759 0.0922 0.1011
60.0000 160.1093 1 80.0000 0.0000 2 0.1914 1.4551 2.4560 0.1437 0.1107 0.0800
60.0000 160.1093 1 80.0000 0.0000 2 0.1654 1.3429 2.4123 0.2865 0.1226 0.0735
60.0000 160.1093 1 80.0000 0.0000 2 0.1730 1.1165 2.6375 0.0843 0.1129 0.0501
60.0000 160.1093 1 80.0000 0.0000 2 0.1979 1.3950 2.7301 -0.0570 0.1034 0.0592
60.0000 160.1093 1 80.0000 0.0000 2 0.1788 1.3375 2.6931 0.1392 0.0423 0.0886
60.0000 160.1093 1 80.0000 0.0000 2 0.1863 1.3538 2.8066 0.1254 0.0961 0.0778
60.0000 160.1093 1 80.0000 0.0000 2 0.1696 1.3034 2.6567 0.1600 0.1014 0.0648
60.0000 160.1093 1 80.0000 0.0000 2 0.1777 1.2117 2.5829 0.1498 0.1268 0.0391
60.0000 160.1093 1 80.0000 0.0000 2 0.1619 1.2719 2.5927 0.1827 0.0520 0.0507
60.0000 160.1093 1 80.0000 0.0000 2 0.2011 1.1914 2.9700 -0.0304 0.0910 0.0606
60.0000 160.1093 1 80.0000 0.0000 2 0.1993 1.4061 2.9756 0.0375 0.1041 0.0471
60.0000 160.1093 1 80.0000 0.0000 2 0.2178 1.3495 2.8727 0.0193 0.1140 0.0540
60.0000 160.1093 1 80.0000 0.0000 2 0.1807 1.6073 2.4001 0.0526 0.1021 0.0449
60.0000 160.1093 1 80.0000 0.0000 2 0.2018 1.2144 2.8470 0.1103 0.1339 0.0818
60.0000 160.1093 1 80.0000 0.0000 2 0.1955 1.4056 2.8279 0.0983 0.1536 0.0634
60.0000 160.1093 1 80.0000 0.0000 2 0.1669 1.3067 2.5373 0.1147 0.1312 0.0332
60.0000 160.1093 1 80.0000 0.0000 2 0.1974 1.3647 2.7099 0.0726 0.1073 0.0603
60.0000 160.1093 1 80.0000 0.0000 2 0.1876 1.3601 2.5672 0.0316 0.1175 0.0554
60.0000 160.1093 1 80.0000 0.0000 2 0.1890 1.1726 2.6416 -0.0067 0.0590 0.0975
60.0000 160.1093 1 80.0000 0.0000 2 0.2310 1.4341 3.0684 0.0705 0.1157 0.0624
60.0000 160.1093 1 80.0000 0.0000 2 0.2065 1.3254 2.6674 0.1055 0.0753 0.0253
60.0000 160.1093 1 80.0000 0.0000 2 0.1855 1.3913 2.7873 0.0908 0.0866 0.0404
60.0000 160.1093 1 80.0000 0.0000 2 0.1574 1.3764 2.6121 0.1993 0.0972 0.0523
60.0000 160.1093 1 80.0000 0.0000 2 0.1645 1.2273 2.3735 -0.0719 0.0621 0.0660
60.0000 160.1093 1 80.0000 0.0000 2 0.1429 1.2677 2.7423 0.1335 0.0796 0.1199
60.0000 160.1093 1 80.0000 0.0000 2 0.1901 1.3131 3.2489 0.0900 0.0878 0.0419
60.0000 160.1093 1 80.0000 0.0000 2 0.1835 1.2557 2.8942 0.0577 0.0678 0.1071
60.0000 160.1093 1 80.0000 0.0000 2 0.2044 1.2580 2.4859 0.0278 0.1402 0.0712
60.0000 160.1093 1 80.0000 0.0000 2 0.1764 1.3364 2.2165 0.1301 0.0948 0.0903
60.0000 160.1093 1 80.0000 0.0000 2 0.2095 1.3519 2.6853 0.1787 0.0814 0.0827
60.0000 160.1093 1 80.0000 0.0000 2 0.1922 1.3834 2.6066 0.0440 0.0666 0.0937
60.0000 160.1093 1 80.0000 0.0000 2 0.1522 1.2846 2.7553 -0.0445 0.0837 0.0867
