60.0000 169.5025 1 80.0000 0.0000 2 0.1036 2.5047 0.2879 0.2630 0.0496 0.0262
60.0000 169.5025 1 80.0000 0.0000 2 0.1300 2.5794 0.2527 0.3097 0.0504 0.0321
60.0000 169.5025 1 80.0000 0.0000 2 0.1127 2.7770 0.2428 0.2917 0.0490 0.0190
60.0000 169.5025 1 80.0000 0.0000 2 0.1067 2.4154 0.2491 0.3028 0.0572 0.0357
60.0000 169.5025 1 80.0000 0.0000 2 0.1090 2.5570 0.2280 0.2755 0.0578 0.0315
60.0000 169.5025 1 80.0000 0.0000 2 0.1171 2.4983 0.2628 0.2817 0.0543 0.0305
60.0000 169.5025 1 80.0000 0.0000 2 0.1610 2.5202 0.2902 0.2806 0.0554 0.0318
60.0000 169.5025 1 80.0000 0.0000 2 0.1286 2.5346 0.2592 0.2923 0.0549 0.0311
60.0000 169.5025 1 80.0000 0.0000 2 0.1292 2.4780 0.2390 0.3000 0.0533 0.0254
60.0000 169.5025 1 80.0000 0.0000 2 0.1247 2.7070 0.2575 0.3008 0.0594 0.0374
60.0000 169.5025 1 80.0000 0.0000 2 0.1108 2.3888 0.2185 0.2840 0.0627 0.0328
60.0000 169.5025 1 80.0000 0.0000 2 0.1308 2.4913 0.2069 0.2677 0.0567 0.0282
60.0000 169.5025 1 80.0000 0.0000 2 0.1266 2.5938 0.2557 0.2982 0.0619 0.0303
60.0000 169.5025 1 80.0000 0.0000 2 0.1146 2.5396 0.2328 0.2860 0.0598 0.0199
60.0000 169.5025 1 80.0000 0.0000 2 0.1205 2.3127 0.1946 0.2785 0.0556 0.0350
60.0000 169.5025 1 80.0000 0.0000 2 0.1191 2.6830 0.2541 0.2888 0.0527 0.0365
60.0000 169.5025 1 80.0000 0.0000 2 0.1342 2.6945 0.2244 0.2957 0.0611 0.0292
60.0000 169.5025 1 80.0000 0.0000 2 0.1256 2.5124 0.2371 0.2970 0.0670 0.0208
60.0000 169.5025 1 80.0000 0.0000 2 0.1201 2.5248 0.2703 0.3082 0.0677 0.0339
60.0000 169.5025 1 80.0000 0.0000 2 0.1368 2.5414 0.2514 0.2820 0.0528 0.0327
60.0000 169.5025 1 80.0000 0.0000 2 0.1349 2.4735 0.2600 0.3122 0.0535 0.0390
60.0000 169.5025 1 80.0000 0.0000 2 0.0988 2.4412 0.2410 0.2735 0.0608 0.0271
60.0000 169.5025 1 80.0000 0.0000 2 0.1218 2.5689 0.2095 0.2724 0.0516 0.0436
60.0000 169.5025 1 80.0000 0.0000 2 0.1284 2.4532 0.2231 0.2756 0.0451 0.0269
60.0000 169.5025 1 80.0000 0.0000 2 0.1136 2.6600 0.2307 0.2613 0.0591 0.0343
60.0000 169.5025 1 80.0000 0.0000 2 0.1250 2.4619 0.2284 0.2879 0.0552 0.0244
60.0000 169.5025 1 80.0000 0.0000 2 0.1217 2.6144 0.2644 0.2715 0.0606 0.0380
60.0000 169.5025 1 80.0000 0.0000 2 0.1417 2.4099 0.2693 0.2828 0.0507 0.0289
60.0000 169.5025 1 80.0000 0.0000 2 0.1116 2.4866 0.2499 0.2835 0.0583 0.0285
60.0000 169.5025 1 80.0000 0.0000 2 0.1181 2.6323 0.2157 0.2944 0.0519 0.0399
60.0000 169.5025 1 80.0000 0.0000 2 0.1100 2.4601 0.3103 0.2801 0.0467 0.0259
60.0000 169.5025 1 80.0000 0.0000 2 0.1398 2.6761 0.2655 0.2873 0.0485 0.0237
60.0000 169.5025 1 80.0000 0.0000 2 0.1139 2.5144 0.2470 0.2948 0.0569 0.0224
60.0000 169.5025 1 80.0000 0.0000 2 0.1236 2.5854 0.2348 0.3061 0.0522 0.0468
60.0000 169.5025 1 80.0000 0.0000 2 0.1360 2.5502 0.2803 0.2907 0.0562 0.0412
60.0000 169.5025 1 80.0000 0.0000 2 0.1227 2.7630 0.2406 0.2870 0.0577 0.0336
60.0000 169.5025 1 80.0000 0.0000 2 0.1188 2.6167 0.2994 0.2994 0.0616 0.0231
60.0000 169.5025 1 80.0000 0.0000 2 0.1325 2.7282 0.2764 0.2848 0.0646 0.0333
60.0000 169.5025 1 80.0000 0.0000 2 0.1241 2.6279 0.2459 0.3026 0.0538 0.0275
60.0000 169.5025 1 80.0000 0.0000 2 0.1058 2.5894 0.2788 0.2937 0.0628 0.0265
60.0000 169.5025 1 80.0000 0.0000 2 0.1166 2.6532 0.2619 0.2770 0.0558 0.0363
60.0000 169.5025 1 80.0000 0.0000 2 0.1270 2.6028 0.2202 0.2976 0.0560 0.0295
60.0000 169.5025 1 80.0000 0.0000 2 0.1391 2.6047 0.2359 0.2857 0.0602 0.0309
60.0000 169.5025 1 80.0000 0.0000 2 0.1158 2.4344 0.2743 0.2893 0.0637 0.0371
60.0000 169.5025 1 80.0000 0.0000 2 0.1210 2.6407 0.2848 0.2782 0.0647 0.0278
60.0000 169.5025 1 80.0000 0.0000 2 0.1229 2.3519 0.2565 0.3047 0.0596 0.0348
60.0000 169.5025 1 80.0000 0.0000 2 0.1312 2.6439 0.2677 0.3180 0.0575 0.0299
60.0000 169.5025 1 80.0000 0.0000 2 0.1332 2.5536 0.2724 0.2928 0.0583 0.0247
60.0000 169.5025 1 80.0000 0.0000 2 0.1175 2.5754 0.2479 0.2904 0.0544 0.0144
60.0000 169.5025 1 80.0000 0.0000 2 0.1275 2.5641 0.2444 0.2698 0.0588 0.0220
