60.0000 177.2510 1 80.0000 0.0000 2 0.1704 3.8369 0.7133 0.1342 0.1358 0.0621
60.0000 177.2510 1 80.0000 0.0000 2 0.1728 3.7394 0.6759 0.1204 0.1389 0.0530
60.0000 177.2510 1 80.0000 0.0000 2 0.1591 3.7025 0.7101 0.1132 0.1182 0.0877
60.0000 177.2510 1 80.0000 0.0000 2 0.1426 3.5980 0.6860 0.1483 0.1274 0.0706
60.0000 177.2510 1 80.0000 0.0000 2 0.1486 3.8170 0.7016 0.1257 0.1296 0.0809
60.0000 177.2510 1 80.0000 0.0000 2 0.1493 3.6974 0.6612 0.1100 0.1317 0.0859
60.0000 177.2510 1 80.0000 0.0000 2 0.1847 3.7633 0.6551 0.1304 0.1188 0.0723
60.0000 177.2510 1 80.0000 0.0000 2 0.1747 3.7960 0.6843 0.1226 0.1171 0.0601
60.0000 177.2510 1 80.0000 0.0000 2 0.1596 3.5471 0.7012 0.1555 0.1235 0.0582
60.0000 177.2510 1 80.0000 0.0000 2 0.1437 3.8038 0.6919 0.1059 0.1308 0.0758
60.0000 177.2510 1 80.0000 0.0000 2 0.1545 3.8058 0.6968 0.1170 0.1260 0.0574
60.0000 177.2510 1 80.0000 0.0000 2 0.1631 3.8839 0.7397 0.1411 0.1620 0.0672
60.0000 177.2510 1 80.0000 0.0000 2 0.1691 3.6459 0.6930 0.1313 0.1214 0.0692
60.0000 177.2510 1 80.0000 0.0000 2 0.1656 3.7925 0.6696 0.1049 0.1285 0.0753
60.0000 177.2510 1 80.0000 0.0000 2 0.1528 3.7685 0.6629 0.1429 0.0895 0.0790
60.0000 177.2510 1 80.0000 0.0000 2 0.1583 3.8463 0.6894 0.0958 0.1021 0.0748
60.0000 177.2510 1 80.0000 0.0000 2 0.1665 3.7305 0.6682 0.1135 0.1071 0.0834
60.0000 177.2510 1 80.0000 0.0000 2 0.1672 3.8957 0.7306 0.1331 0.1131 0.0651
60.0000 177.2510 1 80.0000 0.0000 2 0.1504 3.7567 0.7185 0.1364 0.1336 0.0235
60.0000 177.2510 1 80.0000 0.0000 2 0.1693 3.7185 0.6797 0.0829 0.1096 0.0922
60.0000 177.2510 1 80.0000 0.0000 2 0.1605 3.7573 0.6786 0.1177 0.1198 0.0404
60.0000 177.2510 1 80.0000 0.0000 2 0.1513 3.7440 0.7153 0.1521 0.1064 0.0570
60.0000 177.2510 1 80.0000 0.0000 2 0.1731 3.9513 0.6882 0.1025 0.1269 0.0740
60.0000 177.2510 1 80.0000 0.0000 2 0.1633 3.6333 0.7081 0.1503 0.1004 0.0675
60.0000 177.2510 1 80.0000 0.0000 2 0.1533 3.7115 0.6903 0.1240 0.1206 0.0514
60.0000 177.2510 1 80.0000 0.0000 2 0.1542 3.8789 0.6658 0.1561 0.1119 0.0659
60.0000 177.2510 1 80.0000 0.0000 2 0.1826 3.8678 0.7209 0.1081 0.1516 0.0430
60.0000 177.2510 1 80.0000 0.0000 2 0.1475 3.7828 0.6845 0.0669 0.1155 0.0681
60.0000 177.2510 1 80.0000 0.0000 2 0.1562 3.7838 0.6874 0.1220 0.1427 0.0561
60.0000 177.2510 1 80.0000 0.0000 2 0.1293 3.6842 0.6752 0.1793 0.1449 0.0467
60.0000 177.2510 1 80.0000 0.0000 2 0.1609 3.6651 0.7063 0.0910 0.1047 0.0642
60.0000 177.2510 1 80.0000 0.0000 2 0.1399 3.6767 0.6737 0.1393 0.1111 0.0772
60.0000 177.2510 1 80.0000 0.0000 2 0.1571 3.8249 0.7057 0.1421 0.0983 0.0538
60.0000 177.2510 1 80.0000 0.0000 2 0.1657 3.8599 0.6940 0.1378 0.0817 0.0448
60.0000 177.2510 1 80.0000 0.0000 2 0.1640 3.7045 0.6962 0.0867 0.1487 0.0632
60.0000 177.2510 1 80.0000 0.0000 2 0.1598 3.8345 0.7045 0.1455 0.1168 0.0728
60.0000 177.2510 1 80.0000 0.0000 2 0.1623 3.7757 0.6953 0.1462 0.1288 0.0694
60.0000 177.2510 1 80.0000 0.0000 2 0.1517 3.7273 0.6810 0.1360 0.1220 0.0496
60.0000 177.2510 1 80.0000 0.0000 2 0.1716 3.7720 0.6719 0.1276 0.1027 0.0820
60.0000 177.2510 1 80.0000 0.0000 2 0.1579 3.7452 0.7028 0.1712 0.1147 0.0550
60.0000 177.2510 1 80.0000 0.0000 2 0.1374 3.8126 0.6537 0.0972 0.1239 0.0897
60.0000 177.2510 1 80.0000 0.0000 2 0.1681 3.9377 0.7338 0.1013 0.1356 0.0508
60.0000 177.2510 1 80.0000 0.0000 2 0.1619 3.7896 0.6466 0.1268 0.0950 0.0963
60.0000 177.2510 1 80.0000 0.0000 2 0.1470 3.6875 0.7114 0.1630 0.1335 0.0591
60.0000 177.2510 1 80.0000 0.0000 2 0.1556 3.8242 0.6999 0.1652 0.1137 0.0647
60.0000 177.2510 1 80.0000 0.0000 2 0.1650 3.7492 0.7261 0.1108 0.1451 0.0784
60.0000 177.2510 1 80.0000 0.0000 2 0.1565 3.8539 0.7174 0.1149 0.1382 0.0711
60.0000 177.2510 1 80.0000 0.0000 2 0.1456 3.6601 0.6979 0.1607 0.1245 0.0614
60.0000 177.2510 1 80.0000 0.0000 2 0.1768 3.9132 0.6829 0.1192 0.1083 0.0799
60.0000 177.2510 1 80.0000 0.0000 2 0.1790 3.7251 0.6772 0.1293 0.1407 0.0622
