60.0000 167.4140 1 80.0000 0.0000 2 0.0886 1.1876 0.1620 0.1312 0.0375 0.0181
60.0000 167.4140 1 80.0000 0.0000 2 0.0983 1.2588 0.1688 -1.4962 0.0372 0.0306
60.0000 167.4140 1 80.0000 0.0000 2 0.1035 1.2342 0.1650 0.3505 0.0386 0.0249
60.0000 167.4140 1 80.0000 0.0000 2 0.0936 1.1337 0.1792 0.9001 0.0374 0.0207
60.0000 167.4140 1 80.0000 0.0000 2 0.0853 1.0912 0.1345 -1.8021 0.0396 0.0189
60.0000 167.4140 1 80.0000 0.0000 2 0.0846 1.0703 0.1575 1.7068 0.0406 0.0270
60.0000 167.4140 1 80.0000 0.0000 2 0.0828 0.9508 0.1421 -0.8577 0.0370 0.0165
60.0000 167.4140 1 80.0000 0.0000 2 0.0860 1.0978 0.1634 0.1786 0.0416 0.0240
60.0000 167.4140 1 80.0000 0.0000 2 0.0800 1.1281 0.1726 -0.0111 0.0379 0.0254
60.0000 167.4140 1 80.0000 0.0000 2 0.0830 1.3049 0.1483 -0.5071 0.0434 0.0213
60.0000 167.4140 1 80.0000 0.0000 2 0.0822 1.1204 0.1763 -0.2482 0.0422 0.0098
60.0000 167.4140 1 80.0000 0.0000 2 0.0940 1.1398 0.1608 -0.1699 0.0386 0.0245
60.0000 167.4140 1 80.0000 0.0000 2 0.0920 1.2186 0.1501 -0.3145 0.0397 0.0121
60.0000 167.4140 1 80.0000 0.0000 2 0.0871 1.2142 0.1657 1.3362 0.0401 0.0195
60.0000 167.4140 1 80.0000 0.0000 2 0.0769 1.3928 0.1644 -0.0326 0.0381 0.0261
60.0000 167.4140 1 80.0000 0.0000 2 0.0860 1.2300 0.1409 -0.5935 0.0418 0.0294
60.0000 167.4140 1 80.0000 0.0000 2 0.0901 1.2231 0.1561 1.0934 0.0385 0.0204
60.0000 167.4140 1 80.0000 0.0000 2 0.0865 1.1490 0.1321 0.5946 0.0391 0.0200
60.0000 167.4140 1 80.0000 0.0000 2 0.0854 1.1441 0.1477 0.9873 0.0384 0.0157
60.0000 167.4140 1 80.0000 0.0000 2 0.0790 1.1630 0.1182 0.0555 0.0405 0.0337
60.0000 167.4140 1 80.0000 0.0000 2 0.0924 1.1755 0.1445 0.9732 0.0403 0.0183
60.0000 167.4140 1 80.0000 0.0000 2 0.0758 1.2020 0.1729 -1.1878 0.0412 0.0083
60.0000 167.4140 1 80.0000 0.0000 2 0.0879 1.1863 0.1598 0.3952 0.0413 0.0283
60.0000 167.4140 1 80.0000 0.0000 2 0.0819 1.0397 0.1751 0.7083 0.0398 0.0218
60.0000 167.4140 1 80.0000 0.0000 2 0.0899 1.1914 0.1819 1.2313 0.0399 0.0144
60.0000 167.4140 1 80.0000 0.0000 2 0.0976 1.2107 0.1776 0.1941 0.0388 0.0211
60.0000 167.4140 1 80.0000 0.0000 2 0.0841 1.1565 0.1356 -0.0910 0.0407 0.0326
60.0000 167.4140 1 80.0000 0.0000 2 0.0930 1.1812 0.1584 -0.3584 0.0394 0.0281
60.0000 167.4140 1 80.0000 0.0000 2 0.0837 1.1790 0.1431 0.2343 0.0403 0.0322
60.0000 167.4140 1 80.0000 0.0000 2 0.0894 1.1068 0.1466 1.1883 0.0400 0.0170
60.0000 167.4140 1 80.0000 0.0000 2 0.0910 1.2611 0.1615 -0.8634 0.0394 0.0232
60.0000 167.4140 1 80.0000 0.0000 2 0.0968 1.0535 0.1994 0.5106 0.0364 0.0176
60.0000 167.4140 1 80.0000 0.0000 2 0.0917 1.1700 0.1671 1.5088 0.0390 0.0274
60.0000 167.4140 1 80.0000 0.0000 2 0.0934 1.2745 0.1456 0.2892 0.0395 0.0192
60.0000 167.4140 1 80.0000 0.0000 2 0.0890 1.1517 0.1591 0.7840 0.0410 0.0265
60.0000 167.4140 1 80.0000 0.0000 2 0.0947 1.0831 0.1536 -0.5363 0.0396 0.0226
60.0000 167.4140 1 80.0000 0.0000 2 0.0955 1.2425 0.1522 -2.1321 0.0377 0.0288
60.0000 167.4140 1 80.0000 0.0000 2 0.0845 1.1578 0.1552 0.6492 0.0414 0.0220
60.0000 167.4140 1 80.0000 0.0000 2 0.0810 1.2474 0.1696 1.5415 0.0408 0.0299
60.0000 167.4140 1 80.0000 0.0000 2 0.0962 1.2048 0.1402 3.4152 0.0392 0.0143
60.0000 167.4140 1 80.0000 0.0000 2 0.0874 1.1125 0.1494 -0.4307 0.0393 0.0369
60.0000 167.4140 1 80.0000 0.0000 2 0.0780 1.1646 0.1569 -0.6426 0.0388 0.0127
60.0000 167.4140 1 80.0000 0.0000 2 0.0906 1.1986 0.1713 -0.7657 0.0409 0.0250
60.0000 167.4140 1 80.0000 0.0000 2 0.0883 1.1038 0.1380 -1.4218 0.0398 0.0314
60.0000 167.4140 1 80.0000 0.0000 2 0.0887 1.1231 0.1674 -0.9920 0.0424 0.0161
60.0000 167.4140 1 80.0000 0.0000 2 0.0732 1.0216 0.1513 0.7348 0.0402 0.0229
60.0000 167.4140 1 80.0000 0.0000 2 0.0808 1.2851 0.1293 2.0823 0.0382 0.0257
60.0000 167.4140 1 80.0000 0.0000 2 0.1014 1.1317 0.1543 -1.0634 0.0405 0.0239
60.0000 167.4140 1 80.0000 0.0000 2 0.0912 1.0645 0.1868 0.4642 0.0389 0.0234
60.0000 167.4140 1 80.0000 0.0000 2 0.0869 1.0760 0.1527 -0.2249 0.0383 0.0364
