60.0000 175.2545 1 80.0000 0.0000 2 0.1357 0.9490 0.2215 0.0463 0.0521 0.0465
60.0000 175.2545 1 80.0000 0.0000 2 0.1260 0.8351 0.2107 0.0512 0.0372 0.0536
60.0000 175.2545 1 80.0000 0.0000 2 0.1690 0.6564 0.2053 -0.0572 0.0446 0.0682
60.0000 175.2545 1 80.0000 0.0000 2 0.1624 0.7964 0.2262 0.0131 0.0386 0.0639
60.0000 175.2545 1 80.0000 0.0000 2 0.1409 0.7058 0.2496 0.0064 0.0558 0.0659
60.0000 175.2545 1 80.0000 0.0000 2 0.1573 0.6970 0.2304 -0.0062 0.0446 0.0382
60.0000 175.2545 1 80.0000 0.0000 2 0.1172 0.8151 0.2183 0.1755 0.0423 0.0596
60.0000 175.2545 1 80.0000 0.0000 2 0.1430 0.8012 0.2148 -0.0220 0.0408 0.0264
60.0000 175.2545 1 80.0000 0.0000 2 0.1467 0.7634 0.2285 -0.0101 0.0281 0.0758
60.0000 175.2545 1 80.0000 0.0000 2 0.1602 0.8943 0.2408 0.0172 0.0506 0.0280
60.0000 175.2545 1 80.0000 0.0000 2 0.1665 0.5911 0.1995 0.1283 0.0473 0.0563
60.0000 175.2545 1 80.0000 0.0000 2 0.1523 0.8791 0.2238 0.1240 0.0515 0.0678
60.0000 175.2545 1 80.0000 0.0000 2 0.1809 0.8246 0.2138 0.0095 0.0427 0.1038
60.0000 175.2545 1 80.0000 0.0000 2 0.1510 1.0069 0.2020 0.0854 0.0361 0.0979
60.0000 175.2545 1 80.0000 0.0000 2 0.1382 0.9742 0.2168 0.0204 0.0351 0.0903
60.0000 175.2545 1 80.0000 0.0000 2 0.1359 0.6048 0.2120 -0.0287 0.0531 0.0440
60.0000 175.2545 1 80.0000 0.0000 2 0.1745 0.9105 0.2195 0.0552 0.0588 0.0367
60.0000 175.2545 1 80.0000 0.0000 2 0.1563 0.7257 0.2092 0.0799 0.0449 0.0773
60.0000 175.2545 1 80.0000 0.0000 2 0.1473 0.8699 0.2329 -0.0014 0.0458 0.1089
60.0000 175.2545 1 80.0000 0.0000 2 0.1327 0.9369 0.2205 -0.1258 0.0493 0.0603
60.0000 175.2545 1 80.0000 0.0000 2 0.1307 0.9061 0.2231 0.0401 0.0432 0.0484
60.0000 175.2545 1 80.0000 0.0000 2 0.1653 0.6327 0.2171 0.0646 0.0460 0.0569
60.0000 175.2545 1 80.0000 0.0000 2 0.1783 0.7902 0.2160 -0.0127 0.0467 0.0712
60.0000 175.2545 1 80.0000 0.0000 2 0.1595 0.8505 0.2145 0.0674 0.0326 0.0236
60.0000 175.2545 1 80.0000 0.0000 2 0.1293 0.8411 0.2253 0.1074 0.0405 0.0502
60.0000 175.2545 1 80.0000 0.0000 2 0.1040 0.7802 0.2217 0.0994 0.0455 0.0404
60.0000 175.2545 1 80.0000 0.0000 2 0.1549 0.7329 0.2246 0.0337 0.0370 0.0813
60.0000 175.2545 1 80.0000 0.0000 2 0.1225 0.8615 0.2088 0.1107 0.0521 0.0326
60.0000 175.2545 1 80.0000 0.0000 2 0.1536 0.7187 0.2284 0.1437 0.0470 0.0742
60.0000 175.2545 1 80.0000 0.0000 2 0.1635 0.8106 0.2070 0.0417 0.0438 0.0430
60.0000 175.2545 1 80.0000 0.0000 2 0.1876 0.7536 0.2347 -0.0144 0.0379 0.0800
60.0000 175.2545 1 80.0000 0.0000 2 0.1458 1.0640 0.2202 0.0359 0.0465 0.0549
60.0000 175.2545 1 80.0000 0.0000 2 0.1519 0.8053 0.2101 0.0734 0.0435 0.0614
60.0000 175.2545 1 80.0000 0.0000 2 0.1501 0.7737 0.2226 -0.0876 0.0502 0.0415
60.0000 175.2545 1 80.0000 0.0000 2 0.1753 0.6842 0.1965 0.0839 0.0496 0.0725
60.0000 175.2545 1 80.0000 0.0000 2 0.1768 0.8854 0.2386 -0.0466 0.0489 0.0517
60.0000 175.2545 1 80.0000 0.0000 2 0.1854 0.8646 0.1891 -0.1116 0.0426 0.0459
60.0000 175.2545 1 80.0000 0.0000 2 0.1643 0.7413 0.2127 0.0949 0.0499 0.0172
60.0000 175.2545 1 80.0000 0.0000 2 0.1719 0.9602 0.2350 0.0225 0.0545 0.0204
60.0000 175.2545 1 80.0000 0.0000 2 0.1614 0.7618 0.2313 0.0613 0.0478 -0.0284
60.0000 175.2545 1 80.0000 0.0000 2 0.1710 0.6794 0.2128 -0.0260 0.0540 0.0353
60.0000 175.2545 1 80.0000 0.0000 2 0.1239 0.8197 0.2261 -0.0536 0.0442 0.0632
60.0000 175.2545 1 80.0000 0.0000 2 0.1926 1.0219 0.2031 0.0591 0.0391 0.0514
60.0000 175.2545 1 80.0000 0.0000 2 0.1441 0.9248 0.2193 -0.0723 0.0403 0.0301
60.0000 175.2545 1 80.0000 0.0000 2 0.1676 0.8356 0.2294 -0.0386 0.0415 0.0048
60.0000 175.2545 1 80.0000 0.0000 2 0.1389 0.8567 0.2079 0.0298 0.0480 0.0341
60.0000 175.2545 1 80.0000 0.0000 2 0.1417 0.9312 0.2181 -0.0359 0.0482 0.0893
60.0000 175.2545 1 80.0000 0.0000 2 0.1975 0.7449 0.2274 -0.0614 0.0565 0.0123
60.0000 175.2545 1 80.0000 0.0000 2 0.1584 0.7861 0.2154 0.0270 0.0395 0.0854
60.0000 175.2545 1 80.0000 0.0000 2 0.1482 0.8991 0.2047 0.0022 0.0419 0.0131
