60.0000 163.6905 1 80.0000 0.0000 2 -0.0425 2.1573 3.1037 0.1196 0.1332 0.0401
60.0000 163.6905 1 80.0000 0.0000 2 0.1351 1.9362 4.9288 0.1240 0.0623 0.0381
60.0000 163.6905 1 80.0000 0.0000 2 0.2860 2.0589 3.4805 0.1111 0.1009 0.0433
60.0000 163.6905 1 80.0000 0.0000 2 0.1665 2.0662 4.0246 0.1355 0.0669 0.0253
60.0000 163.6905 1 80.0000 0.0000 2 0.1277 1.9294 4.4475 0.1415 0.1060 0.0283
60.0000 163.6905 1 80.0000 0.0000 2 0.2146 1.9565 4.1234 0.1260 0.1425 -0.0020
60.0000 163.6905 1 80.0000 0.0000 2 0.1784 2.0994 3.6348 0.1178 0.0825 0.0474
60.0000 163.6905 1 80.0000 0.0000 2 0.2398 2.1136 5.0597 0.1328 0.1039 0.0648
60.0000 163.6905 1 80.0000 0.0000 2 0.3371 2.0081 4.5661 0.1348 0.0726 0.0386
60.0000 163.6905 1 80.0000 0.0000 2 0.2705 2.0320 4.7320 0.1036 0.0872 0.0941
60.0000 163.6905 1 80.0000 0.0000 2 0.0652 2.0481 3.1424 0.1589 0.1408 0.0358
60.0000 163.6905 1 80.0000 0.0000 2 0.4144 1.9142 3.3006 0.1309 0.0995 0.0655
60.0000 163.6905 1 80.0000 0.0000 2 0.0032 1.9982 3.8834 0.1337 0.1183 0.0696
60.0000 163.6905 1 80.0000 0.0000 2 0.2280 2.0933 3.4394 0.1236 0.0853 0.0055
60.0000 163.6905 1 80.0000 0.0000 2 0.2586 2.0458 3.2868 0.1381 0.1947 0.0441
60.0000 163.6905 1 80.0000 0.0000 2 0.0137 2.1906 3.9549 0.1217 0.0970 0.0624
60.0000 163.6905 1 80.0000 0.0000 2 0.2037 2.1635 5.3125 0.1425 0.1273 0.0527
60.0000 163.6905 1 80.0000 0.0000 2 -0.1510 2.0245 3.6136 0.1368 0.0792 0.0330
60.0000 163.6905 1 80.0000 0.0000 2 0.2532 2.0406 2.8289 0.1390 0.0698 0.0323
60.0000 163.6905 1 80.0000 0.0000 2 0.2642 2.0793 3.3678 0.1275 0.1128 0.0564
60.0000 163.6905 1 80.0000 0.0000 2 0.0785 2.0814 3.8020 0.1438 0.1092 0.0152
60.0000 163.6905 1 80.0000 0.0000 2 0.3479 1.9957 3.7297 0.1322 0.0926 0.0755
60.0000 163.6905 1 80.0000 0.0000 2 0.1834 1.9816 4.2833 0.1406 0.1081 0.0216
60.0000 163.6905 1 80.0000 0.0000 2 0.1603 2.0355 3.6722 0.1256 0.0763 0.1058
60.0000 163.6905 1 80.0000 0.0000 2 0.1497 2.0132 6.0789 0.1279 0.1225 0.0604
60.0000 163.6905 1 80.0000 0.0000 2 0.2095 2.0176 3.3473 0.1343 0.0494 0.0725
60.0000 163.6905 1 80.0000 0.0000 2 0.1896 1.9665 2.9481 0.1209 0.0902 0.0911
60.0000 163.6905 1 80.0000 0.0000 2 0.3007 1.9798 3.4106 0.1500 0.0297 0.0450
60.0000 163.6905 1 80.0000 0.0000 2 0.1210 2.0631 4.7591 0.1183 0.0953 -0.0260
60.0000 163.6905 1 80.0000 0.0000 2 0.2429 2.0730 3.5760 0.1225 0.0533 0.0169
60.0000 163.6905 1 80.0000 0.0000 2 0.2286 2.0283 3.1605 0.1395 0.1620 0.0868
60.0000 163.6905 1 80.0000 0.0000 2 0.0371 2.1340 4.3298 0.1365 0.0937 0.0580
60.0000 163.6905 1 80.0000 0.0000 2 0.0894 2.1269 3.9860 0.1014 0.1162 0.0505
60.0000 163.6905 1 80.0000 0.0000 2 0.1706 2.1773 3.4579 0.1293 0.1238 0.0542
60.0000 163.6905 1 80.0000 0.0000 2 0.3938 2.2019 3.7833 0.1205 0.1115 0.0669
60.0000 163.6905 1 80.0000 0.0000 2 0.3080 2.0682 3.5279 0.1153 0.1357 0.0224
60.0000 163.6905 1 80.0000 0.0000 2 0.3258 2.1311 4.2246 0.1467 0.0784 0.0497
60.0000 163.6905 1 80.0000 0.0000 2 0.1398 2.0531 3.0499 0.1445 0.1552 0.0419
60.0000 163.6905 1 80.0000 0.0000 2 0.1966 2.0846 3.5641 0.1249 0.1494 0.0482
60.0000 163.6905 1 80.0000 0.0000 2 0.2202 1.9910 3.6989 0.1315 0.1318 0.0185
60.0000 163.6905 1 80.0000 0.0000 2 0.3817 2.1048 2.9752 0.1303 0.0577 0.0274
60.0000 163.6905 1 80.0000 0.0000 2 0.1085 2.1397 2.5969 0.1488 0.0611 0.0802
60.0000 163.6905 1 80.0000 0.0000 2 0.1004 2.2379 2.7851 0.1070 0.1197 0.0301
60.0000 163.6905 1 80.0000 0.0000 2 0.2943 2.0224 4.5320 0.1266 0.1021 0.0113
60.0000 163.6905 1 80.0000 0.0000 2 0.4573 2.1073 3.8546 0.1139 0.0848 0.0719
60.0000 163.6905 1 80.0000 0.0000 2 0.2824 2.1501 3.2202 0.1127 0.1261 0.0551
60.0000 163.6905 1 80.0000 0.0000 2 0.3617 2.0901 3.9289 0.1166 0.1512 0.0351
60.0000 163.6905 1 80.0000 0.0000 2 0.0573 2.1212 4.1852 0.1096 0.0395 0.0792
60.0000 163.6905 1 80.0000 0.0000 2 0.0864 1.8561 3.2374 0.1284 0.0710 0.0592
60.0000 163.6905 1 80.0000 0.0000 2 0.1462 1.9659 4.0870 0.1535 0.0246 0.0009
