60.0000 163.5030 1 80.0000 0.0000 2 0.1422 0.8284 0.8525 0.1278 0.0400 0.0297
60.0000 163.5030 1 80.0000 0.0000 2 0.1370 0.7893 0.8671 0.1362 0.0381 0.0203
60.0000 163.5030 1 80.0000 0.0000 2 0.1365 0.6624 0.8322 0.1474 0.0374 0.0162
60.0000 163.5030 1 80.0000 0.0000 2 0.1453 0.6884 0.8655 0.1440 0.0391 0.0129
60.0000 163.5030 1 80.0000 0.0000 2 0.1353 0.7338 0.8573 0.1623 0.0389 0.0209
60.0000 163.5030 1 80.0000 0.0000 2 0.1443 0.7208 0.8639 0.1449 0.0373 0.0273
60.0000 163.5030 1 80.0000 0.0000 2 0.1327 0.6768 0.8515 0.1840 0.0370 0.0173
60.0000 163.5030 1 80.0000 0.0000 2 0.1371 0.7708 0.8597 0.1602 0.0383 0.0205
60.0000 163.5030 1 80.0000 0.0000 2 0.1299 0.8483 0.8443 0.1157 0.0402 0.0188
60.0000 163.5030 1 80.0000 0.0000 2 0.1313 0.7461 0.8471 0.1202 0.0388 0.0158
60.0000 163.5030 1 80.0000 0.0000 2 0.1349 0.7252 0.8347 0.1814 0.0395 0.0192
60.0000 163.5030 1 80.0000 0.0000 2 0.1479 0.7742 0.8557 0.1054 0.0382 0.0216
60.0000 163.5030 1 80.0000 0.0000 2 0.1409 0.7794 0.8212 0.1322 0.0397 0.0235
60.0000 163.5030 1 80.0000 0.0000 2 0.1404 0.8681 0.8437 0.1354 0.0387 0.0142
60.0000 163.5030 1 80.0000 0.0000 2 0.1495 0.8254 0.8533 0.1700 0.0375 0.0247
60.0000 163.5030 1 80.0000 0.0000 2 0.1458 0.7695 0.8524 0.1667 0.0384 0.0138
60.0000 163.5030 1 80.0000 0.0000 2 0.1385 0.7826 0.8280 0.1587 0.0394 0.0213
60.0000 163.5030 1 80.0000 0.0000 2 0.1400 0.8575 0.8465 0.1459 0.0386 0.0231
60.0000 163.5030 1 80.0000 0.0000 2 0.1415 0.8177 0.8400 0.1785 0.0387 0.0158
60.0000 163.5030 1 80.0000 0.0000 2 0.1425 0.8198 0.8482 0.1396 0.0383 0.0191
60.0000 163.5030 1 80.0000 0.0000 2 0.1382 0.8097 0.8498 0.1576 0.0376 0.0196
60.0000 163.5030 1 80.0000 0.0000 2 0.1519 0.7059 0.8697 0.1954 0.0379 0.0180
60.0000 163.5030 1 80.0000 0.0000 2 0.1340 0.7395 0.8379 0.1522 0.0407 0.0229
60.0000 163.5030 1 80.0000 0.0000 2 0.1318 0.7303 0.8486 0.1595 0.0403 0.0172
60.0000 163.5030 1 80.0000 0.0000 2 0.1436 0.7504 0.8422 0.1505 0.0370 0.0218
60.0000 163.5030 1 80.0000 0.0000 2 0.1562 0.8349 0.8390 0.1565 0.0393 0.0153
60.0000 163.5030 1 80.0000 0.0000 2 0.1442 0.7933 0.8494 0.1554 0.0390 0.0194
60.0000 163.5030 1 80.0000 0.0000 2 0.1547 0.8440 0.8414 0.1743 0.0392 0.0210
60.0000 163.5030 1 80.0000 0.0000 2 0.1291 0.8403 0.8368 0.1639 0.0381 0.0168
60.0000 163.5030 1 80.0000 0.0000 2 0.1467 0.7558 0.8581 0.1912 0.0396 0.0179
60.0000 163.5030 1 80.0000 0.0000 2 0.1269 0.6236 0.8337 0.1773 0.0396 0.0254
60.0000 163.5030 1 80.0000 0.0000 2 0.1338 0.7427 0.8582 0.1308 0.0394 0.0056
60.0000 163.5030 1 80.0000 0.0000 2 0.1428 0.7537 0.8358 0.1547 0.0386 0.0176
60.0000 163.5030 1 80.0000 0.0000 2 0.1499 0.6993 0.8302 0.1339 0.0390 0.0252
60.0000 163.5030 1 80.0000 0.0000 2 0.1270 0.7987 0.8547 0.1478 0.0363 0.0221
60.0000 163.5030 1 80.0000 0.0000 2 0.1215 0.8050 0.8455 0.1686 0.0393 0.0167
60.0000 163.5030 1 80.0000 0.0000 2 0.1091 0.7855 0.8401 0.1762 0.0388 0.0226
60.0000 163.5030 1 80.0000 0.0000 2 0.1589 0.8805 0.8627 0.1726 0.0385 0.0144
60.0000 163.5030 1 80.0000 0.0000 2 0.1396 0.7969 0.8418 0.1425 0.0391 0.0224
60.0000 163.5030 1 80.0000 0.0000 2 0.1248 0.6484 0.8511 0.1512 0.0379 0.0287
60.0000 163.5030 1 80.0000 0.0000 2 0.1464 0.8913 0.8603 0.1270 0.0384 0.0182
60.0000 163.5030 1 80.0000 0.0000 2 0.1391 0.8105 0.8501 0.1613 0.0385 0.0200
60.0000 163.5030 1 80.0000 0.0000 2 0.1359 0.7135 0.8747 0.1533 0.0410 0.0186
60.0000 163.5030 1 80.0000 0.0000 2 0.1517 0.6842 0.8451 0.1494 0.0380 0.0108
60.0000 163.5030 1 80.0000 0.0000 2 0.1288 0.9118 0.8562 0.1411 0.0398 0.0120
60.0000 163.5030 1 80.0000 0.0000 2 0.1235 0.7611 0.8430 0.1412 0.0401 0.0262
60.0000 163.5030 1 80.0000 0.0000 2 0.1309 0.9436 0.8246 0.1656 0.0378 0.0238
60.0000 163.5030 1 80.0000 0.0000 2 0.1484 0.7651 0.8544 0.1386 0.0376 0.0148
60.0000 163.5030 1 80.0000 0.0000 2 0.1329 0.7067 0.8463 0.1228 0.0366 0.0243
60.0000 163.5030 1 80.0000 0.0000 2 0.1377 0.8751 0.8618 0.1674 0.0378 0.0198
