60.0000 166.4497 1 80.0000 0.0000 2 0.1634 2.3801 1.3161 0.1782 0.0754 0.0893
60.0000 166.4497 1 80.0000 0.0000 2 0.1761 2.4264 1.3369 0.1647 0.0745 0.0370
60.0000 166.4497 1 80.0000 0.0000 2 0.1400 2.4687 1.1087 0.1738 0.0769 0.0343
60.0000 166.4497 1 80.0000 0.0000 2 0.1296 2.2858 1.0634 0.2225 0.0718 0.0351
60.0000 166.4497 1 80.0000 0.0000 2 0.1078 2.4634 1.2382 0.1392 0.0610 0.0730
60.0000 166.4497 1 80.0000 0.0000 2 0.1191 2.3900 1.2290 0.1822 0.0516 0.0937
60.0000 166.4497 1 80.0000 0.0000 2 0.1501 2.4996 1.2688 0.1695 0.0776 0.0454
60.0000 166.4497 1 80.0000 0.0000 2 0.1331 2.4907 1.2595 0.1949 0.0723 0.0567
60.0000 166.4497 1 80.0000 0.0000 2 0.1573 2.4723 1.3494 0.1491 0.0499 0.0478
60.0000 166.4497 1 80.0000 0.0000 2 0.1322 2.6411 1.0996 0.2291 0.0640 0.0756
60.0000 166.4497 1 80.0000 0.0000 2 0.1385 2.5284 1.1561 0.2458 0.0385 0.0667
60.0000 166.4497 1 80.0000 0.0000 2 0.1523 2.5473 1.2244 0.1750 0.0803 0.0282
60.0000 166.4497 1 80.0000 0.0000 2 0.1485 2.5956 1.2950 0.2605 0.0785 0.0700
60.0000 166.4497 1 80.0000 0.0000 2 0.1280 2.6065 1.2108 0.1381 0.0683 0.0581
60.0000 166.4497 1 80.0000 0.0000 2 0.1697 2.4139 1.2494 0.1030 0.0829 0.0608
60.0000 166.4497 1 80.0000 0.0000 2 0.1362 2.4450 1.2052 0.1992 0.0563 0.0047
60.0000 166.4497 1 80.0000 0.0000 2 0.1925 2.4433 1.2192 0.2157 0.0811 0.0226
60.0000 166.4497 1 80.0000 0.0000 2 0.1623 2.4480 1.3656 0.3005 0.0633 0.0327
60.0000 166.4497 1 80.0000 0.0000 2 0.1374 2.5065 1.1669 0.2537 0.0467 0.0439
60.0000 166.4497 1 80.0000 0.0000 2 0.1031 2.4527 1.1578 0.2194 0.0672 0.0402
60.0000 166.4497 1 80.0000 0.0000 2 0.1413 2.5009 1.1397 0.2081 0.0429 0.0192
60.0000 166.4497 1 80.0000 0.0000 2 0.1162 2.4564 1.4072 0.2057 0.0648 0.0635
60.0000 166.4497 1 80.0000 0.0000 2 0.1048 2.5797 1.2728 0.2404 0.0707 0.0512
60.0000 166.4497 1 80.0000 0.0000 2 0.0945 2.5152 1.1956 0.0889 0.0489 0.0854
60.0000 166.4497 1 80.0000 0.0000 2 0.1536 2.5307 1.1917 0.2104 0.0840 0.0801
60.0000 166.4497 1 80.0000 0.0000 2 0.1347 2.5587 1.2924 0.1249 0.0554 0.0485
60.0000 166.4497 1 80.0000 0.0000 2 0.1549 2.5227 1.3094 0.1508 0.0655 0.0736
60.0000 166.4497 1 80.0000 0.0000 2 0.1452 2.3526 1.1210 0.1865 0.0732 0.0640
60.0000 166.4497 1 80.0000 0.0000 2 0.1434 2.4784 1.3277 0.0815 0.0624 0.0591
60.0000 166.4497 1 80.0000 0.0000 2 0.1646 2.5207 1.2430 0.1142 0.0939 0.0659
60.0000 166.4497 1 80.0000 0.0000 2 0.1510 2.5844 1.2783 0.1883 0.0605 0.0257
60.0000 166.4497 1 80.0000 0.0000 2 0.1678 2.4222 1.2833 0.1331 0.0538 0.0136
60.0000 166.4497 1 80.0000 0.0000 2 0.1472 2.5115 1.2519 0.2137 0.0659 0.0552
60.0000 166.4497 1 80.0000 0.0000 2 0.1419 2.5680 1.2315 0.2264 0.0692 0.1127
60.0000 166.4497 1 80.0000 0.0000 2 0.1935 2.3734 1.3194 0.2350 0.0471 0.0416
60.0000 166.4497 1 80.0000 0.0000 2 0.1197 2.4308 1.1476 0.2389 0.0990 0.0392
60.0000 166.4497 1 80.0000 0.0000 2 0.1457 2.3985 1.2019 0.1622 0.0285 0.0301
60.0000 166.4497 1 80.0000 0.0000 2 0.1252 2.4842 1.0772 0.1976 0.0437 0.0678
60.0000 166.4497 1 80.0000 0.0000 2 0.1212 2.4934 1.2645 0.2039 0.0528 0.0707
60.0000 166.4497 1 80.0000 0.0000 2 0.1266 2.4661 1.3778 0.1231 0.0857 0.0543
60.0000 166.4497 1 80.0000 0.0000 2 0.1149 2.5572 1.1277 0.1432 0.0897 0.0624
60.0000 166.4497 1 80.0000 0.0000 2 0.1770 2.6206 1.3919 0.2736 0.0571 0.0531
60.0000 166.4497 1 80.0000 0.0000 2 0.1103 2.5372 1.1794 0.2489 0.0546 0.0520
60.0000 166.4497 1 80.0000 0.0000 2 0.1304 2.4355 1.5090 0.1568 0.0588 0.0778
60.0000 166.4497 1 80.0000 0.0000 2 0.1600 2.3255 1.4516 0.2967 0.0409 0.0863
60.0000 166.4497 1 80.0000 0.0000 2 0.0829 2.4194 1.3510 0.1836 0.0614 0.0495
60.0000 166.4497 1 80.0000 0.0000 2 0.1735 2.4076 1.1846 0.1924 0.0578 0.0603
60.0000 166.4497 1 80.0000 0.0000 2 0.1811 2.4829 1.1736 0.1677 0.0599 0.0432
60.0000 166.4497 1 80.0000 0.0000 2 0.1243 2.5416 1.3040 0.2708 0.0677 0.0818
60.0000 166.4497 1 80.0000 0.0000 2 0.1581 2.3698 1.0429 0.1576 0.0700 0.0467
