60.0000 167.0019 1 80.0000 0.0000 2 0.1049 1.1040 0.7008 0.2336 0.0422 0.0259
60.0000 167.0019 1 80.0000 0.0000 2 0.0954 1.1426 0.7698 0.2282 0.0400 0.0171
60.0000 167.0019 1 80.0000 0.0000 2 0.1154 1.0610 0.6839 0.2328 0.0406 0.0208
60.0000 167.0019 1 80.0000 0.0000 2 0.1193 0.9918 0.7224 0.2215 0.0398 0.0226
60.0000 167.0019 1 80.0000 0.0000 2 0.1124 1.0814 0.7643 0.2287 0.0437 0.0123
60.0000 167.0019 1 80.0000 0.0000 2 0.1081 0.9953 0.7273 0.2305 0.0395 0.0306
60.0000 167.0019 1 80.0000 0.0000 2 0.1150 0.9658 0.6970 0.2450 0.0447 0.0082
60.0000 167.0019 1 80.0000 0.0000 2 0.1199 1.0186 0.7318 0.2401 0.0415 0.0366
60.0000 167.0019 1 80.0000 0.0000 2 0.1065 1.0538 0.6643 0.2199 0.0386 0.0287
60.0000 167.0019 1 80.0000 0.0000 2 0.1232 1.0003 0.7185 0.2279 0.0393 0.0275
60.0000 167.0019 1 80.0000 0.0000 2 0.1276 0.9496 0.6930 0.2167 0.0429 0.0200
60.0000 167.0019 1 80.0000 0.0000 2 0.1013 0.9823 0.7168 0.2291 0.0392 0.0202
60.0000 167.0019 1 80.0000 0.0000 2 0.1038 1.0243 0.7369 0.2288 0.0388 0.0108
60.0000 167.0019 1 80.0000 0.0000 2 0.1135 1.0648 0.7064 0.2325 0.0390 0.0192
60.0000 167.0019 1 80.0000 0.0000 2 0.1139 1.0516 0.7977 0.2270 0.0433 0.0060
60.0000 167.0019 1 80.0000 0.0000 2 0.1072 1.0154 0.7060 0.2322 0.0372 0.0239
60.0000 167.0019 1 80.0000 0.0000 2 0.1094 0.9439 0.7014 0.2177 0.0403 0.0163
60.0000 167.0019 1 80.0000 0.0000 2 0.1102 0.9044 0.7847 0.2371 0.0385 0.0266
60.0000 167.0019 1 80.0000 0.0000 2 0.1181 1.0331 0.7604 0.2380 0.0423 0.0180
60.0000 167.0019 1 80.0000 0.0000 2 0.1026 1.1002 0.7528 0.2210 0.0402 0.0231
60.0000 167.0019 1 80.0000 0.0000 2 0.1166 0.9117 0.7244 0.2258 0.0376 0.0245
60.0000 167.0019 1 80.0000 0.0000 2 0.1067 1.0017 0.7116 0.2239 0.0360 0.0328
60.0000 167.0019 1 80.0000 0.0000 2 0.1088 0.8543 0.6886 0.2223 0.0395 0.0212
60.0000 167.0019 1 80.0000 0.0000 2 0.1117 1.0845 0.7134 0.2262 0.0410 0.0345
60.0000 167.0019 1 80.0000 0.0000 2 0.0919 0.9300 0.6793 0.2301 0.0381 0.0413
60.0000 167.0019 1 80.0000 0.0000 2 0.1052 1.0876 0.7393 0.2389 0.0425 0.0254
60.0000 167.0019 1 80.0000 0.0000 2 0.1114 1.0479 0.6426 0.2319 0.0366 0.0347
60.0000 167.0019 1 80.0000 0.0000 2 0.1099 1.0409 0.6832 0.2276 0.0407 0.0317
60.0000 167.0019 1 80.0000 0.0000 2 0.1060 1.0307 0.6974 0.2303 0.0455 0.0270
60.0000 167.0019 1 80.0000 0.0000 2 0.0985 1.0728 0.7198 0.2344 0.0399 0.0424
60.0000 167.0019 1 80.0000 0.0000 2 0.0962 1.0072 0.6721 0.2145 0.0428 0.0284
60.0000 167.0019 1 80.0000 0.0000 2 0.1110 1.1112 0.7410 0.2228 0.0408 0.0160
60.0000 167.0019 1 80.0000 0.0000 2 0.1170 1.0969 0.7427 0.2312 0.0404 0.0312
60.0000 167.0019 1 80.0000 0.0000 2 0.1207 1.1681 0.7576 0.2245 0.0364 0.0332
60.0000 167.0019 1 80.0000 0.0000 2 0.0979 0.9574 0.7478 0.2233 0.0418 0.0183
60.0000 167.0019 1 80.0000 0.0000 2 0.1041 0.9733 0.7110 0.2294 0.0344 0.0138
60.0000 167.0019 1 80.0000 0.0000 2 0.1127 1.1571 0.7159 0.2404 0.0388 0.0221
60.0000 167.0019 1 80.0000 0.0000 2 0.1004 0.9287 0.7262 0.2423 0.0420 0.0297
60.0000 167.0019 1 80.0000 0.0000 2 0.1160 0.9864 0.7347 0.2350 0.0371 0.0142
60.0000 167.0019 1 80.0000 0.0000 2 0.1142 1.2022 0.6693 0.2257 0.0444 0.0218
60.0000 167.0019 1 80.0000 0.0000 2 0.1219 0.9611 0.7027 0.2241 0.0413 0.0391
60.0000 167.0019 1 80.0000 0.0000 2 0.1020 1.1202 0.7504 0.2312 0.0417 0.0262
60.0000 167.0019 1 80.0000 0.0000 2 0.1242 0.9787 0.6760 0.2355 0.0409 0.0250
60.0000 167.0019 1 80.0000 0.0000 2 0.1265 1.1319 0.7453 0.2250 0.0439 0.0290
60.0000 167.0019 1 80.0000 0.0000 2 0.0997 1.0220 0.6520 0.2359 0.0431 0.0098
60.0000 167.0019 1 80.0000 0.0000 2 0.1174 1.0446 0.6901 0.2340 0.0379 0.0237
60.0000 167.0019 1 80.0000 0.0000 2 0.1083 1.0740 0.7320 0.2334 0.0414 0.0300
60.0000 167.0019 1 80.0000 0.0000 2 0.1311 1.0100 0.7296 0.2192 0.0397 0.0372
60.0000 167.0019 1 80.0000 0.0000 2 0.0881 1.0370 0.6909 0.2267 0.0381 0.0187
60.0000 167.0019 1 80.0000 0.0000 2 0.1214 1.0664 0.7081 0.2368 0.0411 0.0149
