60.0000 169.5025 1 80.0000 0.0000 2 0.1198 2.5197 0.2797 0.3001 0.0533 0.0251
60.0000 169.5025 1 80.0000 0.0000 2 0.1071 2.4923 0.2821 0.2816 0.0518 0.0369
60.0000 169.5025 1 80.0000 0.0000 2 0.1363 2.4341 0.2401 0.2861 0.0641 0.0338
60.0000 169.5025 1 80.0000 0.0000 2 0.1301 2.6095 0.2429 0.2737 0.0511 0.0354
60.0000 169.5025 1 80.0000 0.0000 2 0.1303 2.4189 0.2646 0.2775 0.0628 0.0265
60.0000 169.5025 1 80.0000 0.0000 2 0.1119 2.5119 0.1898 0.2786 0.0588 0.0352
60.0000 169.5025 1 80.0000 0.0000 2 0.1160 2.5587 0.2534 0.2819 0.0569 0.0293
60.0000 169.5025 1 80.0000 0.0000 2 0.1324 2.8413 0.2052 0.2730 0.0607 0.0280
60.0000 169.5025 1 80.0000 0.0000 2 0.1262 2.5566 0.2491 0.2849 0.0546 0.0305
60.0000 169.5025 1 80.0000 0.0000 2 0.1395 2.4159 0.2603 0.2904 0.0564 0.0324
60.0000 169.5025 1 80.0000 0.0000 2 0.1104 2.2570 0.2366 0.3031 0.0619 0.0379
60.0000 169.5025 1 80.0000 0.0000 2 0.1146 2.5250 0.2486 0.3094 0.0554 0.0291
60.0000 169.5025 1 80.0000 0.0000 2 0.1337 2.4003 0.2387 0.2957 0.0499 0.0409
60.0000 169.5025 1 80.0000 0.0000 2 0.1308 2.4438 0.3020 0.2893 0.0646 0.0400
60.0000 169.5025 1 80.0000 0.0000 2 0.1173 2.5749 0.2879 0.3145 0.0538 0.0230
60.0000 169.5025 1 80.0000 0.0000 2 0.1419 2.6214 0.2176 0.3134 0.0521 0.0335
60.0000 169.5025 1 80.0000 0.0000 2 0.1243 2.5813 0.2189 0.2921 0.0671 0.0263
60.0000 169.5025 1 80.0000 0.0000 2 0.1332 2.6314 0.2250 0.2915 0.0530 0.0229
60.0000 169.5025 1 80.0000 0.0000 2 0.1280 2.5084 0.2856 0.2949 0.0467 0.0288
60.0000 169.5025 1 80.0000 0.0000 2 0.1293 2.4486 0.2562 0.2952 0.0576 0.0274
60.0000 169.5025 1 80.0000 0.0000 2 0.1096 2.3157 0.2512 0.2992 0.0597 0.0312
60.0000 169.5025 1 80.0000 0.0000 2 0.1179 2.5336 0.2280 0.2849 0.0555 0.0322
60.0000 169.5025 1 80.0000 0.0000 2 0.1474 2.6957 0.2140 0.3080 0.0600 0.0330
60.0000 169.5025 1 80.0000 0.0000 2 0.1367 2.3575 0.2425 0.2807 0.0581 0.0300
60.0000 169.5025 1 80.0000 0.0000 2 0.1189 2.6340 0.2459 0.2754 0.0583 0.0395
60.0000 169.5025 1 80.0000 0.0000 2 0.1214 2.4839 0.2313 0.3014 0.0563 0.0360
60.0000 169.5025 1 80.0000 0.0000 2 0.1421 2.6691 0.2548 0.2930 0.0512 0.0247
60.0000 169.5025 1 80.0000 0.0000 2 0.1157 2.6507 0.2694 0.3047 0.0592 0.0214
60.0000 169.5025 1 80.0000 0.0000 2 0.1531 2.5000 0.2767 0.2869 0.0636 0.0240
60.0000 169.5025 1 80.0000 0.0000 2 0.1131 2.5378 0.2466 0.2879 0.0655 0.0277
60.0000 169.5025 1 80.0000 0.0000 2 0.1378 2.4762 0.2383 0.2700 0.0590 0.0327
60.0000 169.5025 1 80.0000 0.0000 2 0.1440 2.4972 0.2515 0.2937 0.0661 0.0316
60.0000 169.5025 1 80.0000 0.0000 2 0.1349 2.6062 0.2290 0.3034 0.0612 0.0341
60.0000 169.5025 1 80.0000 0.0000 2 0.1261 2.7207 0.2206 0.2981 0.0539 0.0388
60.0000 169.5025 1 80.0000 0.0000 2 0.1388 2.4295 0.2707 0.2789 0.0415 0.0346
60.0000 169.5025 1 80.0000 0.0000 2 0.1189 2.5466 0.2107 0.2903 0.0691 0.0361
60.0000 169.5025 1 80.0000 0.0000 2 0.1231 2.5492 0.2350 0.3021 0.0527 0.0446
60.0000 169.5025 1 80.0000 0.0000 2 0.1205 2.4711 0.2568 0.2874 0.0578 0.0171
60.0000 169.5025 1 80.0000 0.0000 2 0.1272 2.5669 0.2667 0.2986 0.0549 0.0310
60.0000 169.5025 1 80.0000 0.0000 2 0.1346 2.5977 0.2629 0.3064 0.0488 0.0423
60.0000 169.5025 1 80.0000 0.0000 2 0.1252 2.6556 0.2676 0.2826 0.0560 0.0377
60.0000 169.5025 1 80.0000 0.0000 2 0.0985 2.4556 0.2613 0.2885 0.0506 0.0373
60.0000 169.5025 1 80.0000 0.0000 2 0.1222 2.3760 0.2981 0.2671 0.0625 0.0319
60.0000 169.5025 1 80.0000 0.0000 2 0.1290 2.3722 0.2449 0.2836 0.0572 0.0271
60.0000 169.5025 1 80.0000 0.0000 2 0.1215 2.5274 0.2587 0.2969 0.0481 0.0297
60.0000 169.5025 1 80.0000 0.0000 2 0.1246 2.5896 0.2320 0.3184 0.0599 0.0255
60.0000 169.5025 1 80.0000 0.0000 2 0.1049 2.4657 0.2022 0.2976 0.0604 0.0343
60.0000 169.5025 1 80.0000 0.0000 2 0.1235 2.3891 0.2332 0.2534 0.0567 0.0283
60.0000 169.5025 1 80.0000 0.0000 2 0.1274 2.4816 0.2244 0.3107 0.0542 0.0200
60.0000 169.5025 1 80.0000 0.0000 2 0.1317 2.5728 0.2732 0.2927 0.0615 0.0302
