60.0000 160.2355 1 80.0000 0.0000 2 0.1469 2.3112 1.4278 0.2378 0.0501 0.0495
60.0000 160.2355 1 80.0000 0.0000 2 0.1839 2.4470 1.5196 0.1344 0.0826 0.0286
60.0000 160.2355 1 80.0000 0.0000 2 0.1473 2.3285 1.3169 0.1919 0.0483 0.0188
60.0000 160.2355 1 80.0000 0.0000 2 0.1605 2.2962 1.4315 0.1780 0.1064 0.0484
60.0000 160.2355 1 80.0000 0.0000 2 0.1677 2.2909 1.4507 0.2072 0.0729 0.0361
60.0000 160.2355 1 80.0000 0.0000 2 0.1130 2.2346 1.4776 0.1379 0.0199 0.0207
60.0000 160.2355 1 80.0000 0.0000 2 0.1428 2.2579 1.5328 0.1862 0.0621 0.0337
60.0000 160.2355 1 80.0000 0.0000 2 0.1363 2.4117 1.6780 0.1560 0.0366 0.0305
60.0000 160.2355 1 80.0000 0.0000 2 0.1587 2.2105 1.4717 0.2244 0.0422 0.0328
60.0000 160.2355 1 80.0000 0.0000 2 0.1751 2.3161 1.4891 0.1664 0.0626 0.0133
60.0000 160.2355 1 80.0000 0.0000 2 0.1375 2.2209 1.4139 0.1508 0.0573 0.0338
60.0000 160.2355 1 80.0000 0.0000 2 0.1404 2.2657 1.5125 0.2111 0.0399 0.0508
60.0000 160.2355 1 80.0000 0.0000 2 0.1632 2.2701 1.4418 0.2147 0.0797 0.0273
60.0000 160.2355 1 80.0000 0.0000 2 0.1444 2.3488 1.4728 0.2168 0.0493 0.0405
60.0000 160.2355 1 80.0000 0.0000 2 0.1523 2.3829 1.4027 0.1162 0.0589 0.0322
60.0000 160.2355 1 80.0000 0.0000 2 0.1080 2.1775 1.3501 0.2036 0.0771 0.0157
60.0000 160.2355 1 80.0000 0.0000 2 0.1657 2.4033 1.4071 0.1773 0.0478 0.0545
60.0000 160.2355 1 80.0000 0.0000 2 0.1455 2.3174 1.5021 0.2199 0.0437 0.0238
60.0000 160.2355 1 80.0000 0.0000 2 0.1733 2.1123 1.4214 0.1417 0.0444 -0.0054
60.0000 160.2355 1 80.0000 0.0000 2 0.1207 2.2436 1.4643 0.1736 0.0675 0.0628
60.0000 160.2355 1 80.0000 0.0000 2 0.1904 2.1613 1.5243 0.2301 0.0804 0.0350
60.0000 160.2355 1 80.0000 0.0000 2 0.1321 2.3917 1.3652 0.2098 0.0552 0.0038
60.0000 160.2355 1 80.0000 0.0000 2 0.1646 2.4531 1.4346 0.1833 0.0631 0.0224
60.0000 160.2355 1 80.0000 0.0000 2 0.1261 2.3791 1.4242 0.1933 0.0733 0.0178
60.0000 160.2355 1 80.0000 0.0000 2 0.1387 2.3409 1.5587 0.1993 0.0518 0.0441
60.0000 160.2355 1 80.0000 0.0000 2 0.1393 2.2478 1.4591 0.1625 0.0546 0.0063
60.0000 160.2355 1 80.0000 0.0000 2 0.1290 2.2944 1.5434 0.1994 0.0660 0.0281
60.0000 160.2355 1 80.0000 0.0000 2 0.1319 2.2626 1.3421 0.1712 0.0689 0.0127
60.0000 160.2355 1 80.0000 0.0000 2 0.1582 2.3218 1.4520 0.2014 0.0172 0.0400
60.0000 160.2355 1 80.0000 0.0000 2 0.1571 2.2301 1.4015 0.1595 0.0757 0.0575
60.0000 160.2355 1 80.0000 0.0000 2 0.1530 2.3680 1.3837 0.1649 0.0645 0.0165
60.0000 160.2355 1 80.0000 0.0000 2 0.1440 2.3269 1.3918 0.1836 0.0524 0.0522
60.0000 160.2355 1 80.0000 0.0000 2 0.1541 2.3504 1.5976 0.1820 0.0703 0.0462
60.0000 160.2355 1 80.0000 0.0000 2 0.1338 2.3554 1.5360 0.1908 0.0534 0.0416
60.0000 160.2355 1 80.0000 0.0000 2 0.1202 2.2076 1.5043 0.2508 0.0342 0.0311
60.0000 160.2355 1 80.0000 0.0000 2 0.1721 2.2831 1.4155 0.1885 0.0460 0.0452
60.0000 160.2355 1 80.0000 0.0000 2 0.1559 2.3373 1.4941 0.1693 0.0715 0.0229
60.0000 160.2355 1 80.0000 0.0000 2 0.1701 2.3037 1.4865 0.1966 0.0311 0.0247
60.0000 160.2355 1 80.0000 0.0000 2 0.1417 2.3348 1.4681 0.1621 0.0609 0.0369
60.0000 160.2355 1 80.0000 0.0000 2 0.1488 2.2846 1.5558 0.1902 0.0400 0.0195
60.0000 160.2355 1 80.0000 0.0000 2 0.1548 2.4306 1.4564 0.1459 0.0371 0.0359
60.0000 160.2355 1 80.0000 0.0000 2 0.1243 2.2752 1.5763 0.1856 0.0257 0.0432
60.0000 160.2355 1 80.0000 0.0000 2 0.1507 2.2518 1.3604 0.1684 0.0869 0.0387
60.0000 160.2355 1 80.0000 0.0000 2 0.1623 2.3601 1.4826 0.1803 0.0560 0.0267
60.0000 160.2355 1 80.0000 0.0000 2 0.1790 2.4238 1.4464 0.2051 0.0601 0.0382
60.0000 160.2355 1 80.0000 0.0000 2 0.1350 2.3983 1.3919 0.1737 0.0300 0.0254
60.0000 160.2355 1 80.0000 0.0000 2 0.1594 2.3706 1.3745 0.1580 0.0577 0.0092
60.0000 160.2355 1 80.0000 0.0000 2 0.1483 2.3064 1.4945 0.1765 0.0663 0.0429
60.0000 160.2355 1 80.0000 0.0000 2 0.1303 2.4886 1.5098 0.1538 0.0469 0.0666
60.0000 160.2355 1 80.0000 0.0000 2 0.1504 2.1937 1.4381 0.1954 0.0895 0.0294
