60.0000 160.4182 1 80.0000 0.0000 2 0.1714 1.0773 1.4529 0.1372 0.0464 0.0377
60.0000 160.4182 1 80.0000 0.0000 2 0.1851 0.8954 1.4701 0.1522 0.0481 0.0252
60.0000 160.4182 1 80.0000 0.0000 2 0.1815 0.9459 1.5098 0.1208 0.0499 0.0309
60.0000 160.4182 1 80.0000 0.0000 2 0.1684 1.1421 1.4717 0.1149 0.0475 0.0316
60.0000 160.4182 1 80.0000 0.0000 2 0.1535 1.0124 1.4901 0.1349 0.0458 0.0353
60.0000 160.4182 1 80.0000 0.0000 2 0.1799 0.8862 1.4682 0.1242 0.0489 0.0303
60.0000 160.4182 1 80.0000 0.0000 2 0.1806 0.9949 1.4742 0.1267 0.0432 0.0382
60.0000 160.4182 1 80.0000 0.0000 2 0.1887 0.8648 1.5006 0.1783 0.0430 0.0372
60.0000 160.4182 1 80.0000 0.0000 2 0.1970 1.0533 1.5025 0.1569 0.0468 0.0324
60.0000 160.4182 1 80.0000 0.0000 2 0.1729 1.0196 1.4725 0.1173 0.0458 0.0359
60.0000 160.4182 1 80.0000 0.0000 2 0.1774 0.9599 1.4601 0.1362 0.0488 0.0274
60.0000 160.4182 1 80.0000 0.0000 2 0.2046 0.9688 1.4966 0.1410 0.0412 0.0284
60.0000 160.4182 1 80.0000 0.0000 2 0.2147 0.8548 1.4677 0.1385 0.0477 0.0420
60.0000 160.4182 1 80.0000 0.0000 2 0.1870 0.9289 1.4763 0.1291 0.0401 0.0312
60.0000 160.4182 1 80.0000 0.0000 2 0.1988 0.8184 1.4907 0.1425 0.0416 0.0260
60.0000 160.4182 1 80.0000 0.0000 2 0.1844 1.0716 1.4826 0.1312 0.0462 0.0333
60.0000 160.4182 1 80.0000 0.0000 2 0.1735 0.9627 1.4558 0.1636 0.0428 0.0290
60.0000 160.4182 1 80.0000 0.0000 2 0.1879 0.9823 1.4790 0.1185 0.0454 0.0270
60.0000 160.4182 1 80.0000 0.0000 2 0.1859 0.9065 1.4263 0.1343 0.0447 0.0388
60.0000 160.4182 1 80.0000 0.0000 2 0.1693 0.9149 1.4638 0.1840 0.0382 0.0329
60.0000 160.4182 1 80.0000 0.0000 2 0.1868 1.0320 1.4341 0.1113 0.0463 0.0297
60.0000 160.4182 1 80.0000 0.0000 2 0.2109 1.0868 1.4311 0.1320 0.0445 0.0368
60.0000 160.4182 1 80.0000 0.0000 2 0.1762 0.9541 1.4438 0.1420 0.0451 0.0327
60.0000 160.4182 1 80.0000 0.0000 2 0.1903 1.0654 1.4515 0.1328 0.0494 0.0347
60.0000 160.4182 1 80.0000 0.0000 2 0.1837 1.0049 1.4842 0.1274 0.0460 0.0340
60.0000 160.4182 1 80.0000 0.0000 2 0.1822 1.0337 1.4748 0.1492 0.0438 0.0330
60.0000 160.4182 1 80.0000 0.0000 2 0.1958 1.0377 1.4488 0.1481 0.0456 0.0453
60.0000 160.4182 1 80.0000 0.0000 2 0.1932 0.9343 1.4610 0.1507 0.0502 0.0291
60.0000 160.4182 1 80.0000 0.0000 2 0.1792 0.9314 1.4771 0.1402 0.0519 0.0432
60.0000 160.4182 1 80.0000 0.0000 2 0.1757 0.9498 1.4556 0.1249 0.0484 0.0355
60.0000 160.4182 1 80.0000 0.0000 2 0.1650 1.1252 1.4870 0.0845 0.0425 0.0342
60.0000 160.4182 1 80.0000 0.0000 2 0.2022 0.9206 1.4623 0.1448 0.0422 0.0345
60.0000 160.4182 1 80.0000 0.0000 2 0.1993 1.0475 1.4543 0.1229 0.0410 0.0300
60.0000 160.4182 1 80.0000 0.0000 2 0.1891 1.0273 1.4865 0.1531 0.0470 0.0230
60.0000 160.4182 1 80.0000 0.0000 2 0.1977 0.9974 1.4662 0.1553 0.0480 0.0408
60.0000 160.4182 1 80.0000 0.0000 2 0.2033 1.0434 1.4469 0.1578 0.0442 0.0395
60.0000 160.4182 1 80.0000 0.0000 2 0.1901 0.9092 1.4375 0.1048 0.0465 0.0363
60.0000 160.4182 1 80.0000 0.0000 2 0.2093 1.0087 1.4936 0.1378 0.0421 0.0385
60.0000 160.4182 1 80.0000 0.0000 2 0.1966 0.9724 1.5275 0.1601 0.0450 0.0366
60.0000 160.4182 1 80.0000 0.0000 2 0.1831 1.0224 1.4417 0.1295 0.0505 0.0447
60.0000 160.4182 1 80.0000 0.0000 2 0.2182 0.9875 1.4577 0.1130 0.0453 0.0349
60.0000 160.4182 1 80.0000 0.0000 2 0.2017 0.9416 1.4495 0.1685 0.0434 0.0375
60.0000 160.4182 1 80.0000 0.0000 2 0.1782 0.9923 1.4805 0.1607 0.0443 0.0404
60.0000 160.4182 1 80.0000 0.0000 2 0.1916 0.9864 1.4404 0.1644 0.0470 0.0415
60.0000 160.4182 1 80.0000 0.0000 2 0.1921 0.9740 1.3951 0.1499 0.0472 0.0318
60.0000 160.4182 1 80.0000 0.0000 2 0.1947 1.0037 1.4285 0.1433 0.0449 0.0360
60.0000 160.4182 1 80.0000 0.0000 2 0.1926 1.0967 1.4156 0.1468 0.0444 0.0391
60.0000 160.4182 1 80.0000 0.0000 2 0.2062 0.8831 1.4588 0.1722 0.0439 0.0400
60.0000 160.4182 1 80.0000 0.0000 2 0.2009 0.9550 1.4458 0.1454 0.0474 0.0337
60.0000 160.4182 1 80.0000 0.0000 2 0.1940 0.9782 1.4654 0.1059 0.0437 0.0321
