60.0000 169.1883 1 80.0000 0.0000 2 0.0944 4.2850 0.1894 0.0902 0.0541 0.0069
60.0000 169.1883 1 80.0000 0.0000 2 0.0719 4.2215 0.1967 0.1024 0.0246 0.0074
60.0000 169.1883 1 80.0000 0.0000 2 0.0647 4.2917 0.1907 0.0086 0.0390 -0.0051
60.0000 169.1883 1 80.0000 0.0000 2 0.0705 4.2574 0.1999 0.0714 0.0403 0.0095
60.0000 169.1883 1 80.0000 0.0000 2 0.0631 4.2345 0.2015 0.0776 0.0554 0.0100
60.0000 169.1883 1 80.0000 0.0000 2 0.0569 4.1822 0.2112 -0.0657 0.0263 0.0009
60.0000 169.1883 1 80.0000 0.0000 2 0.1070 4.1219 0.1897 -0.0267 0.0531 0.0019
60.0000 169.1883 1 80.0000 0.0000 2 0.0847 4.3845 0.1883 0.0494 0.0511 -0.0009
60.0000 169.1883 1 80.0000 0.0000 2 0.0483 4.3083 0.2041 -0.0068 0.0845 -0.0060
60.0000 169.1883 1 80.0000 0.0000 2 0.0534 4.1699 0.1940 -0.0370 0.0501 0.0047
60.0000 169.1883 1 80.0000 0.0000 2 0.0932 4.4145 0.2121 0.0310 0.0698 0.0175
60.0000 169.1883 1 80.0000 0.0000 2 0.0816 4.2677 0.2140 -0.0027 0.0421 0.0080
60.0000 169.1883 1 80.0000 0.0000 2 0.0730 4.3268 0.1876 0.1455 0.0450 0.0044
60.0000 169.1883 1 80.0000 0.0000 2 0.0648 4.4373 0.1984 0.0349 0.0463 0.0024
60.0000 169.1883 1 80.0000 0.0000 2 0.1177 4.4705 0.1989 0.0630 0.0282 0.0038
60.0000 169.1883 1 80.0000 0.0000 2 0.0604 4.3350 0.1960 0.0015 0.0348 0.0029
60.0000 169.1883 1 80.0000 0.0000 2 0.0798 4.2141 0.2019 -0.0107 0.0140 0.0063
60.0000 169.1883 1 80.0000 0.0000 2 0.1016 4.2037 0.1651 0.0212 0.0619 0.0108
60.0000 169.1883 1 80.0000 0.0000 2 0.1432 4.2753 0.1761 0.0554 0.0545 -0.0036
60.0000 169.1883 1 80.0000 0.0000 2 0.0435 4.3448 0.2097 -0.0159 0.0674 0.0138
60.0000 169.1883 1 80.0000 0.0000 2 0.1165 4.4084 0.2221 -0.0532 0.0443 0.0150
60.0000 169.1883 1 80.0000 0.0000 2 0.0996 4.3617 0.1973 0.1093 0.0487 0.0120
60.0000 169.1883 1 80.0000 0.0000 2 0.0956 4.5281 0.2076 0.0230 0.0437 0.0003
60.0000 169.1883 1 80.0000 0.0000 2 0.0792 4.2470 0.2130 0.0685 0.0495 0.0205
60.0000 169.1883 1 80.0000 0.0000 2 0.0583 4.1991 0.1925 0.0850 0.0355 -0.0068
60.0000 169.1883 1 80.0000 0.0000 2 0.0754 4.3504 0.2061 0.0619 0.0410 0.0134
60.0000 169.1883 1 80.0000 0.0000 2 0.0982 4.3767 0.1842 0.1264 0.0563 0.0155
60.0000 169.1883 1 80.0000 0.0000 2 0.0776 4.2623 0.1932 0.0167 0.0644 0.0236
60.0000 169.1883 1 80.0000 0.0000 2 0.0203 4.3419 0.1808 0.2027 0.0458 -0.0011
60.0000 169.1883 1 80.0000 0.0000 2 0.1095 4.3581 0.1913 0.0508 0.0577 0.0035
60.0000 169.1883 1 80.0000 0.0000 2 0.0821 4.3960 0.2083 -0.0773 0.0616 0.0105
60.0000 169.1883 1 80.0000 0.0000 2 0.0683 4.3103 0.2026 0.0465 0.0202 -0.0095
60.0000 169.1883 1 80.0000 0.0000 2 0.1047 4.0741 0.1866 -0.1205 0.0752 -0.0019
60.0000 169.1883 1 80.0000 0.0000 2 0.0894 4.1590 0.1946 0.1538 0.0380 0.0049
60.0000 169.1883 1 80.0000 0.0000 2 0.1034 4.2952 0.1992 -0.0449 0.0370 0.0012
60.0000 169.1883 1 80.0000 0.0000 2 0.0669 4.2692 0.1951 0.0048 0.0603 0.0177
60.0000 169.1883 1 80.0000 0.0000 2 0.0866 4.2443 0.2066 0.0400 0.0313 0.0061
60.0000 169.1883 1 80.0000 0.0000 2 0.0741 4.3006 0.2051 0.1059 0.0569 0.0160
60.0000 169.1883 1 80.0000 0.0000 2 0.0971 4.4263 0.1851 0.1176 0.0636 0.0057
60.0000 169.1883 1 80.0000 0.0000 2 0.0695 4.1498 0.1785 0.0589 0.0663 0.0317
60.0000 169.1883 1 80.0000 0.0000 2 0.0833 4.1429 0.2276 0.0420 0.0482 0.0092
60.0000 169.1883 1 80.0000 0.0000 2 0.0882 4.2256 0.2034 0.0262 0.0334 0.0115
60.0000 169.1883 1 80.0000 0.0000 2 0.0902 4.0823 0.2049 0.0311 0.0474 0.0187
60.0000 169.1883 1 80.0000 0.0000 2 0.0854 4.2820 0.2009 0.0845 0.0297 -0.0026
60.0000 169.1883 1 80.0000 0.0000 2 0.0555 4.3689 0.2096 -0.0318 0.0737 0.0128
60.0000 169.1883 1 80.0000 0.0000 2 0.1130 4.2395 0.1820 0.0140 0.0429 -0.0108
60.0000 169.1883 1 80.0000 0.0000 2 0.1248 4.4536 0.2172 0.0944 0.0594 0.0084
60.0000 169.1883 1 80.0000 0.0000 2 0.0770 4.3226 0.2159 0.0755 0.0520 0.0079
60.0000 169.1883 1 80.0000 0.0000 2 0.0913 4.1922 0.2190 0.1370 0.0362 -0.0005
60.0000 169.1883 1 80.0000 0.0000 2 0.0372 4.3162 0.1957 -0.0182 0.0516 0.0123
