60.0000 159.2953 1 80.0000 0.0000 2 0.1820 1.3346 4.9414 -0.0032 0.1441 0.1202
60.0000 159.2953 1 80.0000 0.0000 2 0.1941 1.2674 4.7839 0.0173 0.1527 0.1131
60.0000 159.2953 1 80.0000 0.0000 2 0.1847 1.3804 4.9060 0.0178 0.1578 0.1115
60.0000 159.2953 1 80.0000 0.0000 2 0.1935 1.3120 4.7680 0.0037 0.1499 0.1101
60.0000 159.2953 1 80.0000 0.0000 2 0.1927 1.3715 4.8742 0.0082 0.1415 0.1152
60.0000 159.2953 1 80.0000 0.0000 2 0.1952 1.2423 4.7808 0.0339 0.1373 0.1535
60.0000 159.2953 1 80.0000 0.0000 2 0.1977 1.2833 5.0818 0.0114 0.1925 0.1034
60.0000 159.2953 1 80.0000 0.0000 2 0.1918 1.1922 4.9316 0.0407 0.1394 0.1261
60.0000 159.2953 1 80.0000 0.0000 2 0.1715 1.3293 4.8962 0.0356 0.1654 0.1132
60.0000 159.2953 1 80.0000 0.0000 2 0.1789 1.3237 4.4662 0.0067 0.1675 0.1267
60.0000 159.2953 1 80.0000 0.0000 2 0.2009 1.2221 5.0364 0.0129 0.1640 0.1487
60.0000 159.2953 1 80.0000 0.0000 2 0.2071 1.4173 4.9574 0.0095 0.1613 0.0709
60.0000 159.2953 1 80.0000 0.0000 2 0.1988 1.2945 4.6817 -0.0069 0.1390 0.1337
60.0000 159.2953 1 80.0000 0.0000 2 0.1881 1.2907 4.8122 0.0194 0.1523 0.1060
60.0000 159.2953 1 80.0000 0.0000 2 0.2005 1.2750 4.8499 0.0063 0.1548 0.1253
60.0000 159.2953 1 80.0000 0.0000 2 0.1960 1.4878 4.8045 0.0304 0.1565 0.1458
60.0000 159.2953 1 80.0000 0.0000 2 0.2083 1.3356 4.9709 0.0102 0.1466 0.1189
60.0000 159.2953 1 80.0000 0.0000 2 0.1779 1.3179 4.8261 0.0396 0.1509 0.1212
60.0000 159.2953 1 80.0000 0.0000 2 0.1892 1.2391 4.8694 0.0161 0.1315 0.0971
60.0000 159.2953 1 80.0000 0.0000 2 0.1739 1.4024 4.9473 0.0210 0.1765 0.1243
60.0000 159.2953 1 80.0000 0.0000 2 0.2130 1.2705 5.0702 0.0379 0.1207 0.1416
60.0000 159.2953 1 80.0000 0.0000 2 0.2067 1.3501 4.9386 0.0282 0.1761 0.1276
60.0000 159.2953 1 80.0000 0.0000 2 0.1950 1.2848 4.8175 0.0238 0.1284 0.1234
60.0000 159.2953 1 80.0000 0.0000 2 0.1876 1.3954 4.8237 0.0259 0.1556 0.1310
60.0000 159.2953 1 80.0000 0.0000 2 0.1905 1.2317 4.9129 0.0134 0.1726 0.0835
60.0000 159.2953 1 80.0000 0.0000 2 0.2016 1.3644 4.6757 0.0169 0.1718 0.0949
60.0000 159.2953 1 80.0000 0.0000 2 0.1824 1.3405 5.2550 0.0143 0.1485 0.1220
60.0000 159.2953 1 80.0000 0.0000 2 0.1963 1.3561 4.8430 0.0520 0.1611 0.1015
60.0000 159.2953 1 80.0000 0.0000 2 0.1833 1.3473 5.1315 0.0195 0.1451 0.1365
60.0000 159.2953 1 80.0000 0.0000 2 0.1858 1.2797 4.7960 0.0244 0.1472 0.1183
60.0000 159.2953 1 80.0000 0.0000 2 0.2027 1.4282 4.9956 0.0025 0.1821 0.1353
60.0000 159.2953 1 80.0000 0.0000 2 0.1804 1.3273 5.0139 0.0322 0.1196 0.0880
60.0000 159.2953 1 80.0000 0.0000 2 0.1888 1.3084 4.8900 0.0252 0.1684 0.1066
60.0000 159.2953 1 80.0000 0.0000 2 0.2036 1.2574 4.9070 0.0297 0.1491 0.1325
60.0000 159.2953 1 80.0000 0.0000 2 0.1912 1.4084 4.8836 0.0275 0.1873 0.1390
60.0000 159.2953 1 80.0000 0.0000 2 0.2053 1.3857 5.0533 0.0148 0.1584 0.1082
60.0000 159.2953 1 80.0000 0.0000 2 0.1919 1.3047 4.9963 0.0232 0.1799 0.1304
60.0000 159.2953 1 80.0000 0.0000 2 0.1933 1.2630 4.7609 0.0016 0.1705 0.0994
60.0000 159.2953 1 80.0000 0.0000 2 0.1997 1.2493 4.9824 0.0047 0.1534 0.1421
60.0000 159.2953 1 80.0000 0.0000 2 0.2026 1.2998 4.8807 0.0151 0.1655 0.1291
60.0000 159.2953 1 80.0000 0.0000 2 0.1984 1.2960 4.7393 0.0222 0.1431 0.1113
60.0000 159.2953 1 80.0000 0.0000 2 0.1850 1.3196 4.9684 0.0270 0.1630 0.1201
60.0000 159.2953 1 80.0000 0.0000 2 0.1865 1.3122 4.8342 0.0314 0.1349 0.0976
60.0000 159.2953 1 80.0000 0.0000 2 0.2100 1.0631 4.8558 0.0001 0.1304 0.1173
60.0000 159.2953 1 80.0000 0.0000 2 0.2109 1.3691 4.7285 0.0091 0.1418 0.1092
60.0000 159.2953 1 80.0000 0.0000 2 0.2190 1.2130 4.9228 0.0183 0.1362 0.1053
60.0000 159.2953 1 80.0000 0.0000 2 0.1899 1.3572 5.0269 0.0116 0.1593 0.1164
60.0000 159.2953 1 80.0000 0.0000 2 0.1969 1.3768 4.7149 -0.0119 0.1325 0.1145
60.0000 159.2953 1 80.0000 0.0000 2 0.1972 1.3432 4.8591 0.0207 0.1134 0.0909
60.0000 159.2953 1 80.0000 0.0000 2 0.2046 1.4449 4.7456 0.0216 0.1244 0.1024
