60.0000 172.5567 1 80.0000 0.0000 2 0.1801 2.7637 0.2074 -0.0508 0.0333 -0.1866
60.0000 172.5567 1 80.0000 0.0000 2 0.1636 2.8915 0.1965 0.1471 0.2299 -0.0249
60.0000 172.5567 1 80.0000 0.0000 2 0.1503 2.7188 0.2105 -0.5624 -0.0540 -0.1147
60.0000 172.5567 1 80.0000 0.0000 2 0.2039 2.9353 0.1978 1.0138 0.0956 0.0010
60.0000 172.5567 1 80.0000 0.0000 2 0.2965 2.6560 0.2470 -0.8547 0.1101 0.2123
60.0000 172.5567 1 80.0000 0.0000 2 0.2208 2.5758 0.2174 1.6946 0.1964 -0.0962
60.0000 172.5567 1 80.0000 0.0000 2 0.2479 2.9674 0.2086 1.4112 0.0616 -0.0223
60.0000 172.5567 1 80.0000 0.0000 2 0.2154 2.7975 0.1944 -1.5096 -0.0122 0.1909
60.0000 172.5567 1 80.0000 0.0000 2 0.2264 2.9552 0.2132 -1.3002 0.1174 -0.0117
60.0000 172.5567 1 80.0000 0.0000 2 0.2043 2.8970 0.1826 0.6210 -0.0380 0.0532
60.0000 172.5567 1 80.0000 0.0000 2 0.1759 2.9081 0.2030 -1.1566 -0.0221 -0.0397
60.0000 172.5567 1 80.0000 0.0000 2 0.2118 2.8509 0.1980 -1.9066 0.1024 0.0968
60.0000 172.5567 1 80.0000 0.0000 2 0.1963 2.8197 0.2295 -0.2100 -0.0780 -0.0803
60.0000 172.5567 1 80.0000 0.0000 2 0.1953 2.6761 0.1865 -0.9568 0.3188 0.0251
60.0000 172.5567 1 80.0000 0.0000 2 0.2306 2.8060 0.1887 1.1209 -0.2080 -0.1251
60.0000 172.5567 1 80.0000 0.0000 2 0.2393 2.8380 0.2024 0.0227 -0.0645 -0.0079
60.0000 172.5567 1 80.0000 0.0000 2 0.1740 2.9399 0.1994 1.2906 0.0738 -0.0884
60.0000 172.5567 1 80.0000 0.0000 2 0.2148 2.8282 0.2121 0.5009 -0.1806 0.0058
60.0000 172.5567 1 80.0000 0.0000 2 0.1428 2.7335 0.1924 0.3601 0.0848 0.0332
60.0000 172.5567 1 80.0000 0.0000 2 0.2632 2.6912 0.1903 -1.1983 -0.1154 0.0240
60.0000 172.5567 1 80.0000 0.0000 2 0.2248 2.7090 0.2146 -1.0330 0.0003 0.0696
60.0000 172.5567 1 80.0000 0.0000 2 0.1908 2.8874 0.2067 0.2904 0.2474 0.1376
60.0000 172.5567 1 80.0000 0.0000 2 0.1578 2.7879 0.2108 0.2213 0.0243 -0.0527
60.0000 172.5567 1 80.0000 0.0000 2 0.2771 2.9236 0.2247 -0.4614 0.1402 -0.0698
60.0000 172.5567 1 80.0000 0.0000 2 0.1920 2.7797 0.2214 -0.3594 -0.0324 0.0436
60.0000 172.5567 1 80.0000 0.0000 2 0.2012 2.8231 0.2085 -0.3406 0.1804 0.0099
60.0000 172.5567 1 80.0000 0.0000 2 0.2180 3.0832 0.1701 0.7590 0.2116 0.1218
60.0000 172.5567 1 80.0000 0.0000 2 0.2295 2.8607 0.2377 1.6263 0.2616 -0.0373
60.0000 172.5567 1 80.0000 0.0000 2 0.2227 2.9871 0.2179 0.7452 0.0697 -0.0582
60.0000 172.5567 1 80.0000 0.0000 2 0.2191 2.6961 0.2099 -2.0335 0.0270 0.0572
60.0000 172.5567 1 80.0000 0.0000 2 0.2369 3.0032 0.2188 0.5566 0.0423 0.0776
60.0000 172.5567 1 80.0000 0.0000 2 0.1878 2.7581 0.2195 -0.7141 -0.1424 0.0604
60.0000 172.5567 1 80.0000 0.0000 2 0.2084 2.8623 0.1958 1.0789 0.0009 0.0922
60.0000 172.5567 1 80.0000 0.0000 2 0.2838 2.8418 0.2140 -0.7679 0.0587 0.1455
60.0000 172.5567 1 80.0000 0.0000 2 0.1840 2.7492 0.2305 0.3902 -0.0421 0.0724
60.0000 172.5567 1 80.0000 0.0000 2 0.2462 2.6633 0.2234 2.7343 -0.1240 0.0486
60.0000 172.5567 1 80.0000 0.0000 2 0.2531 2.8155 0.2155 0.1085 -0.0733 -0.0161
60.0000 172.5567 1 80.0000 0.0000 2 0.2355 2.7659 0.2037 0.2088 -0.0158 -0.1030
60.0000 172.5567 1 80.0000 0.0000 2 0.2105 2.7159 0.2230 -0.2866 0.0523 0.1129
60.0000 172.5567 1 80.0000 0.0000 2 0.2602 2.7296 0.2330 -0.1223 0.1196 0.1644
60.0000 172.5567 1 80.0000 0.0000 2 0.2565 2.8681 0.2270 0.6498 0.1564 0.0146
60.0000 172.5567 1 80.0000 0.0000 2 0.2426 2.6176 0.2257 -0.0025 -0.0986 0.1088
60.0000 172.5567 1 80.0000 0.0000 2 0.2408 2.7753 0.2163 0.8193 0.0184 -0.0318
60.0000 172.5567 1 80.0000 0.0000 2 0.2703 2.9110 0.2044 -0.6231 0.0856 -0.1451
60.0000 172.5567 1 80.0000 0.0000 2 0.1692 2.7904 0.2128 0.4461 0.1411 0.0384
60.0000 172.5567 1 80.0000 0.0000 2 0.1992 2.8497 0.2059 -0.1507 0.1269 -0.1531
60.0000 172.5567 1 80.0000 0.0000 2 0.2525 2.6335 0.2000 -0.4957 0.0085 -0.0665
60.0000 172.5567 1 80.0000 0.0000 2 0.1840 2.8802 0.2011 2.1162 0.0453 0.0172
60.0000 172.5567 1 80.0000 0.0000 2 0.2319 2.7429 0.2056 0.9520 0.1721 0.0857
60.0000 172.5567 1 80.0000 0.0000 2 0.2074 2.8027 0.2207 1.2235 0.1666 -0.0483
