60.0000 164.4091 1 80.0000 0.0000 2 0.1412 1.5408 7.8785 0.0086 0.2390 0.1003
60.0000 164.4091 1 80.0000 0.0000 2 0.1393 1.5051 10.3987 0.0074 0.1906 0.1030
60.0000 164.4091 1 80.0000 0.0000 2 0.1389 1.4206 7.5180 0.0026 0.1788 0.1058
60.0000 164.4091 1 80.0000 0.0000 2 0.1407 1.5595 7.2820 -0.0031 0.1724 0.1051
60.0000 164.4091 1 80.0000 0.0000 2 0.1395 1.5163 7.0267 0.0202 0.1920 0.1075
60.0000 164.4091 1 80.0000 0.0000 2 0.1398 1.4756 7.9770 0.0216 0.1518 0.1023
60.0000 164.4091 1 80.0000 0.0000 2 0.1415 1.4987 7.2364 0.0093 0.1958 0.0906
60.0000 164.4091 1 80.0000 0.0000 2 0.1416 1.5697 7.9700 0.0110 0.1614 0.0995
60.0000 164.4091 1 80.0000 0.0000 2 0.1409 1.4903 8.4271 0.0099 0.1845 0.1185
60.0000 164.4091 1 80.0000 0.0000 2 0.1386 1.4658 7.4716 0.0044 0.1639 0.0961
60.0000 164.4091 1 80.0000 0.0000 2 0.1411 1.5025 7.5801 0.0104 0.1818 0.1070
60.0000 164.4091 1 80.0000 0.0000 2 0.1416 1.4476 6.7250 0.0051 0.1622 0.0880
60.0000 164.4091 1 80.0000 0.0000 2 0.1404 1.5522 7.1936 0.0023 0.2007 0.1035
60.0000 164.4091 1 80.0000 0.0000 2 0.1391 1.5482 7.3471 -0.0078 0.1941 0.1264
60.0000 164.4091 1 80.0000 0.0000 2 0.1405 1.4809 6.4357 0.0064 0.2093 0.1119
60.0000 164.4091 1 80.0000 0.0000 2 0.1406 1.6856 6.2233 0.0053 0.1747 0.0989
60.0000 164.4091 1 80.0000 0.0000 2 0.1382 1.4965 7.4264 0.0068 0.1753 0.0968
60.0000 164.4091 1 80.0000 0.0000 2 0.1403 1.5210 7.1102 -0.0019 0.1856 0.1047
60.0000 164.4091 1 80.0000 0.0000 2 0.1421 1.5183 7.0022 0.0189 0.1829 0.1088
60.0000 164.4091 1 80.0000 0.0000 2 0.1409 1.5547 7.7443 0.0130 0.1870 0.1131
60.0000 164.4091 1 80.0000 0.0000 2 0.1399 1.4926 7.1800 0.0032 0.1678 0.0781
60.0000 164.4091 1 80.0000 0.0000 2 0.1407 1.5128 7.2723 -0.0021 0.1993 0.1133
60.0000 164.4091 1 80.0000 0.0000 2 0.1390 1.4541 6.7459 0.0134 0.1822 0.1097
60.0000 164.4091 1 80.0000 0.0000 2 0.1414 1.5753 7.3352 0.0146 0.1690 0.0921
60.0000 164.4091 1 80.0000 0.0000 2 0.1402 1.5352 6.7819 0.0016 0.2021 0.1411
60.0000 164.4091 1 80.0000 0.0000 2 0.1413 1.5952 7.6462 0.0082 0.1913 0.1064
60.0000 164.4091 1 80.0000 0.0000 2 0.1398 1.5392 8.0834 0.0236 0.1881 0.1008
60.0000 164.4091 1 80.0000 0.0000 2 0.1386 1.5993 6.9104 0.0176 0.2047 0.1177
60.0000 164.4091 1 80.0000 0.0000 2 0.1379 1.6023 6.6607 0.0151 0.1877 0.1084
60.0000 164.4091 1 80.0000 0.0000 2 0.1410 1.5676 6.9548 0.0037 0.1837 0.1145
60.0000 164.4091 1 80.0000 0.0000 2 0.1397 1.4027 6.8648 0.0080 0.1662 0.0895
60.0000 164.4091 1 80.0000 0.0000 2 0.1400 1.3803 7.0722 0.0004 0.1535 0.0842
60.0000 164.4091 1 80.0000 0.0000 2 0.1394 1.4339 6.8334 0.0123 0.1675 0.1155
60.0000 164.4091 1 80.0000 0.0000 2 0.1412 1.5844 6.8893 -0.0094 0.1971 0.0928
60.0000 164.4091 1 80.0000 0.0000 2 0.1407 1.4388 6.6856 0.0165 0.1937 0.0948
60.0000 164.4091 1 80.0000 0.0000 2 0.1396 1.6274 8.3119 -0.0104 0.1984 0.1159
60.0000 164.4091 1 80.0000 0.0000 2 0.1423 1.4849 7.4099 -0.0007 0.1709 0.1200
60.0000 164.4091 1 80.0000 0.0000 2 0.1418 1.5292 7.1512 -0.0003 0.1564 0.0976
60.0000 164.4091 1 80.0000 0.0000 2 0.1427 1.6162 6.6359 0.0042 0.1590 0.1044
60.0000 164.4091 1 80.0000 0.0000 2 0.1405 1.6248 6.8085 0.0058 0.1765 0.1107
60.0000 164.4091 1 80.0000 0.0000 2 0.1399 1.4696 6.5096 -0.0217 0.1738 0.0943
60.0000 164.4091 1 80.0000 0.0000 2 0.1401 1.5463 6.4565 -0.0049 0.1456 0.1226
60.0000 164.4091 1 80.0000 0.0000 2 0.1402 1.5857 7.0587 0.0179 0.2156 0.1116
60.0000 164.4091 1 80.0000 0.0000 2 0.1404 1.5085 6.9675 0.0118 0.1894 0.0859
60.0000 164.4091 1 80.0000 0.0000 2 0.1394 1.5260 6.5746 0.0279 0.1810 0.0822
60.0000 164.4091 1 80.0000 0.0000 2 0.1419 1.5613 6.1588 -0.0055 0.2071 0.1218
60.0000 164.4091 1 80.0000 0.0000 2 0.1408 1.4594 7.5530 0.0156 0.1779 0.0987
60.0000 164.4091 1 80.0000 0.0000 2 0.1431 1.6435 6.3533 0.0009 0.1800 0.0959
60.0000 164.4091 1 80.0000 0.0000 2 0.1392 1.5309 6.5771 -0.0042 0.1770 0.0914
60.0000 164.4091 1 80.0000 0.0000 2 0.1401 1.5783 7.6900 0.0112 0.1719 0.1019
