60.0000 162.9929 1 80.0000 0.0000 2 0.1797 2.3976 1.0436 0.0567 0.0425 0.0177
60.0000 162.9929 1 80.0000 0.0000 2 0.1749 2.3935 1.0618 0.0344 0.0519 0.0189
60.0000 162.9929 1 80.0000 0.0000 2 0.1639 2.3773 1.0327 0.0410 0.0643 0.0529
60.0000 162.9929 1 80.0000 0.0000 2 0.1778 2.5485 1.0793 0.0304 0.0452 0.0159
60.0000 162.9929 1 80.0000 0.0000 2 0.2038 2.3075 1.0074 0.0262 0.0522 0.0207
60.0000 162.9929 1 80.0000 0.0000 2 0.1700 2.4980 1.0243 0.0433 0.0478 0.0192
60.0000 162.9929 1 80.0000 0.0000 2 0.1665 2.4545 1.0515 0.0828 0.0545 0.0405
60.0000 162.9929 1 80.0000 0.0000 2 0.1851 2.4290 0.9946 0.0611 0.0465 0.0293
60.0000 162.9929 1 80.0000 0.0000 2 0.1794 2.3829 1.0186 0.0190 0.0577 0.0346
60.0000 162.9929 1 80.0000 0.0000 2 0.1870 2.5627 1.0260 0.0099 0.0493 0.0328
60.0000 162.9929 1 80.0000 0.0000 2 0.1889 2.4597 1.1762 0.0459 0.0637 0.0372
60.0000 162.9929 1 80.0000 0.0000 2 0.1835 2.4769 1.0176 0.0424 0.0602 0.0317
60.0000 162.9929 1 80.0000 0.0000 2 0.1932 2.5990 1.0520 0.0373 0.0564 0.0291
60.0000 162.9929 1 80.0000 0.0000 2 0.1765 2.4165 1.0153 0.0327 0.0702 0.0313
60.0000 162.9929 1 80.0000 0.0000 2 0.1832 2.4435 1.0493 0.0485 0.0607 0.0429
60.0000 162.9929 1 80.0000 0.0000 2 0.1940 2.6143 1.0221 0.0590 0.0470 0.0394
60.0000 162.9929 1 80.0000 0.0000 2 0.1771 2.5347 1.0850 0.0687 0.0516 0.0324
60.0000 162.9929 1 80.0000 0.0000 2 0.1728 2.5390 1.0318 0.0392 0.0535 0.0224
60.0000 162.9929 1 80.0000 0.0000 2 0.1849 2.4660 1.0359 0.0208 0.0502 0.0231
60.0000 162.9929 1 80.0000 0.0000 2 0.1882 2.4895 1.0456 0.0167 0.0527 0.0260
60.0000 162.9929 1 80.0000 0.0000 2 0.1987 2.3626 1.0126 0.0384 0.0560 0.0250
60.0000 162.9929 1 80.0000 0.0000 2 0.1807 2.4798 0.8873 0.0018 0.0566 0.0130
60.0000 162.9929 1 80.0000 0.0000 2 0.1906 2.4919 0.9952 0.0469 0.0651 0.0309
60.0000 162.9929 1 80.0000 0.0000 2 0.1687 2.5854 1.0208 0.0622 0.0551 0.0243
60.0000 162.9929 1 80.0000 0.0000 2 0.2091 2.5535 0.9854 0.0542 0.0442 0.0212
60.0000 162.9929 1 80.0000 0.0000 2 0.1726 2.4846 1.0306 0.0650 0.0616 0.0419
60.0000 162.9929 1 80.0000 0.0000 2 0.1815 2.4579 1.0744 0.0631 0.0585 0.0174
60.0000 162.9929 1 80.0000 0.0000 2 0.1902 2.4501 1.0279 0.0403 0.0741 0.0257
60.0000 162.9929 1 80.0000 0.0000 2 0.1760 2.4219 1.0735 0.0705 0.0611 0.0336
60.0000 162.9929 1 80.0000 0.0000 2 0.1736 2.4266 1.0464 0.0281 0.0633 0.0219
60.0000 162.9929 1 80.0000 0.0000 2 0.1818 2.5074 1.0033 0.0544 0.0507 0.0279
60.0000 162.9929 1 80.0000 0.0000 2 0.1744 2.5216 1.0903 0.0562 0.0681 0.0269
60.0000 162.9929 1 80.0000 0.0000 2 0.1789 2.4345 0.9835 0.0422 0.0597 0.0266
60.0000 162.9929 1 80.0000 0.0000 2 0.1875 2.5024 0.9738 0.0907 0.0573 0.0144
60.0000 162.9929 1 80.0000 0.0000 2 0.1841 2.3540 1.0416 0.0585 0.0539 0.0304
60.0000 162.9929 1 80.0000 0.0000 2 0.1654 2.4721 1.0374 0.0532 0.0578 0.0283
60.0000 162.9929 1 80.0000 0.0000 2 0.1595 2.4751 1.0013 0.0309 0.0622 0.0142
60.0000 162.9929 1 80.0000 0.0000 2 0.1784 2.5759 1.0599 0.0454 0.0590 0.0110
60.0000 162.9929 1 80.0000 0.0000 2 0.1864 2.4123 1.0103 0.0501 0.0485 0.0298
60.0000 162.9929 1 80.0000 0.0000 2 0.1715 2.4372 0.9982 0.0238 0.0491 0.0357
60.0000 162.9929 1 80.0000 0.0000 2 0.1914 2.4089 1.0573 0.0332 0.0511 0.0344
60.0000 162.9929 1 80.0000 0.0000 2 0.1921 2.3341 0.9778 0.0488 0.0553 0.0204
60.0000 162.9929 1 80.0000 0.0000 2 0.1856 2.4957 1.0697 0.0360 0.0540 0.0368
60.0000 162.9929 1 80.0000 0.0000 2 0.1893 2.5129 1.0550 0.0670 0.0435 0.0388
60.0000 162.9929 1 80.0000 0.0000 2 0.1967 2.5271 1.0662 0.0512 0.0624 0.0351
60.0000 162.9929 1 80.0000 0.0000 2 0.1978 2.5317 0.9904 0.0269 0.0659 0.0277
60.0000 162.9929 1 80.0000 0.0000 2 0.1826 2.4626 1.1007 0.0725 0.0531 -0.0026
60.0000 162.9929 1 80.0000 0.0000 2 0.1701 2.4004 0.9640 0.0768 0.0402 0.0246
60.0000 162.9929 1 80.0000 0.0000 2 0.1805 2.5172 1.0394 0.0519 0.0556 0.0238
60.0000 162.9929 1 80.0000 0.0000 2 0.1954 2.4474 1.0073 0.0442 0.0588 0.0459
