60.0000 167.3024 1 80.0000 0.0000 2 0.1168 1.2206 0.7068 0.2391 0.0424 0.0358
60.0000 167.3024 1 80.0000 0.0000 2 0.1119 1.2078 0.6883 0.2375 0.0441 0.0100
60.0000 167.3024 1 80.0000 0.0000 2 0.1133 1.0773 0.6856 0.2367 0.0473 0.0232
60.0000 167.3024 1 80.0000 0.0000 2 0.0882 1.1508 0.7492 0.2376 0.0394 0.0378
60.0000 167.3024 1 80.0000 0.0000 2 0.1155 1.3680 0.7423 0.2366 0.0466 0.0235
60.0000 167.3024 1 80.0000 0.0000 2 0.1264 1.1248 0.6781 0.2393 0.0418 0.0326
60.0000 167.3024 1 80.0000 0.0000 2 0.1069 1.1645 0.7573 0.2368 0.0408 0.0271
60.0000 167.3024 1 80.0000 0.0000 2 0.1317 1.1278 0.6995 0.2374 0.0410 0.0356
60.0000 167.3024 1 80.0000 0.0000 2 0.1111 1.1356 0.7016 0.2390 0.0433 0.0057
60.0000 167.3024 1 80.0000 0.0000 2 0.1074 1.1759 0.7359 0.2377 0.0436 0.0203
60.0000 167.3024 1 80.0000 0.0000 2 0.1093 1.0709 0.7186 0.2362 0.0423 0.0390
60.0000 167.3024 1 80.0000 0.0000 2 0.1128 1.1093 0.7190 0.2406 0.0362 0.0218
60.0000 167.3024 1 80.0000 0.0000 2 0.1137 1.1014 0.7272 0.2371 0.0381 0.0170
60.0000 167.3024 1 80.0000 0.0000 2 0.0993 1.1606 0.7032 0.2381 0.0420 0.0369
60.0000 167.3024 1 80.0000 0.0000 2 0.1199 1.1849 0.7381 0.2401 0.0426 0.0493
60.0000 167.3024 1 80.0000 0.0000 2 0.1159 1.2656 0.7169 0.2370 0.0400 0.0310
60.0000 167.3024 1 80.0000 0.0000 2 0.1082 1.1559 0.7393 0.2374 0.0382 0.0438
60.0000 167.3024 1 80.0000 0.0000 2 0.1253 1.2103 0.7693 0.2395 0.0412 0.0221
60.0000 167.3024 1 80.0000 0.0000 2 0.1126 1.2608 0.7919 0.2387 0.0428 0.0260
60.0000 167.3024 1 80.0000 0.0000 2 0.1080 1.2543 0.7214 0.2383 0.0430 0.0344
60.0000 167.3024 1 80.0000 0.0000 2 0.1120 1.2009 0.7971 0.2372 0.0450 0.0286
60.0000 167.3024 1 80.0000 0.0000 2 0.1057 1.1458 0.7662 0.2389 0.0414 -0.0011
60.0000 167.3024 1 80.0000 0.0000 2 0.1153 1.2886 0.7532 0.2355 0.0397 0.0292
60.0000 167.3024 1 80.0000 0.0000 2 0.1204 1.2703 0.7316 0.2385 0.0457 0.0152
60.0000 167.3024 1 80.0000 0.0000 2 0.1148 1.1957 0.7468 0.2381 0.0452 0.0249
60.0000 167.3024 1 80.0000 0.0000 2 0.1102 1.1682 0.7818 0.2382 0.0420 0.0252
60.0000 167.3024 1 80.0000 0.0000 2 0.1247 1.0029 0.6935 0.2380 0.0443 0.0517
60.0000 167.3024 1 80.0000 0.0000 2 0.1175 1.3266 0.6665 0.2397 0.0435 0.0128
60.0000 167.3024 1 80.0000 0.0000 2 0.1223 1.1791 0.7619 0.2383 0.0461 0.0161
60.0000 167.3024 1 80.0000 0.0000 2 0.1191 1.1136 0.7289 0.2379 0.0416 0.0277
60.0000 167.3024 1 80.0000 0.0000 2 0.1098 1.1398 0.7145 0.2388 0.0392 0.0293
60.0000 167.3024 1 80.0000 0.0000 2 0.1051 1.1918 0.6721 0.2379 0.0405 0.0341
60.0000 167.3024 1 80.0000 0.0000 2 0.1044 1.2973 0.6957 0.2392 0.0444 0.0403
60.0000 167.3024 1 80.0000 0.0000 2 0.1037 1.2337 0.7083 0.2384 0.0348 0.0303
60.0000 167.3024 1 80.0000 0.0000 2 0.1293 1.1198 0.6928 0.2379 0.0403 0.0313
60.0000 167.3024 1 80.0000 0.0000 2 0.1177 1.2399 0.7483 0.2363 0.0447 0.0321
60.0000 167.3024 1 80.0000 0.0000 2 0.1209 1.0971 0.7587 0.2378 0.0396 0.0186
60.0000 167.3024 1 80.0000 0.0000 2 0.1230 1.2144 0.7238 0.2386 0.0425 0.0123
60.0000 167.3024 1 80.0000 0.0000 2 0.1189 1.2227 0.7341 0.2398 0.0385 0.0139
60.0000 167.3024 1 80.0000 0.0000 2 0.1145 1.1428 0.7440 0.2384 0.0455 0.0413
60.0000 167.3024 1 80.0000 0.0000 2 0.1028 1.2809 0.7241 0.2369 0.0415 0.0434
60.0000 167.3024 1 80.0000 0.0000 2 0.1215 1.2350 0.7128 0.2387 0.0388 0.0241
60.0000 167.3024 1 80.0000 0.0000 2 0.1234 1.0419 0.7328 0.2393 0.0473 0.0332
60.0000 167.3024 1 80.0000 0.0000 2 0.1006 1.1820 0.7256 0.2382 0.0370 0.0198
60.0000 167.3024 1 80.0000 0.0000 2 0.1016 1.2259 0.6494 0.2386 0.0401 0.0074
60.0000 167.3024 1 80.0000 0.0000 2 0.1181 1.2479 0.7110 0.2377 0.0376 0.0465
60.0000 167.3024 1 80.0000 0.0000 2 0.1089 1.0843 0.7060 0.2373 0.0439 0.0267
60.0000 167.3024 1 80.0000 0.0000 2 0.1166 1.1713 0.6798 0.2389 0.0407 0.0180
60.0000 167.3024 1 80.0000 0.0000 2 0.1286 1.2029 0.7750 0.2372 0.0493 0.0214
60.0000 167.3024 1 80.0000 0.0000 2 0.1109 1.1889 0.7538 0.2375 0.0432 0.0382
