60.0000 167.3924 1 80.0000 0.0000 2 0.0999 2.9963 0.3007 0.0708 0.0434 0.0077
60.0000 167.3924 1 80.0000 0.0000 2 0.0913 2.9874 0.3056 0.0894 0.0502 0.0144
60.0000 167.3924 1 80.0000 0.0000 2 0.0986 2.9760 0.3174 0.0547 0.0489 0.0150
60.0000 167.3924 1 80.0000 0.0000 2 0.0906 2.9912 0.2962 0.0494 0.0517 0.0133
60.0000 167.3924 1 80.0000 0.0000 2 0.0980 2.9310 0.3249 0.0449 0.0501 0.0114
60.0000 167.3924 1 80.0000 0.0000 2 0.1003 3.0196 0.3224 0.0676 0.0490 0.0156
60.0000 167.3924 1 80.0000 0.0000 2 0.0948 2.9207 0.3181 0.0742 0.0472 0.0160
60.0000 167.3924 1 80.0000 0.0000 2 0.0957 3.0077 0.2787 0.0578 0.0484 0.0141
60.0000 167.3924 1 80.0000 0.0000 2 0.1047 3.0597 0.3025 0.0683 0.0488 0.0181
60.0000 167.3924 1 80.0000 0.0000 2 0.0963 3.1405 0.3034 0.0879 0.0468 0.0102
60.0000 167.3924 1 80.0000 0.0000 2 0.0953 3.0399 0.2883 0.0540 0.0483 0.0101
60.0000 167.3924 1 80.0000 0.0000 2 0.1004 2.9713 0.3088 0.0512 0.0511 0.0158
60.0000 167.3924 1 80.0000 0.0000 2 0.0975 3.0531 0.3155 0.0570 0.0485 0.0109
60.0000 167.3924 1 80.0000 0.0000 2 0.1006 3.0684 0.2871 0.0601 0.0508 0.0158
60.0000 167.3924 1 80.0000 0.0000 2 0.0980 3.1064 0.2851 0.0531 0.0498 0.0138
60.0000 167.3924 1 80.0000 0.0000 2 0.0921 2.9602 0.2982 0.0851 0.0525 0.0166
60.0000 167.3924 1 80.0000 0.0000 2 0.0984 3.0989 0.3018 0.0799 0.0504 0.0142
60.0000 167.3924 1 80.0000 0.0000 2 0.0925 3.1273 0.3077 0.0756 0.0445 0.0174
60.0000 167.3924 1 80.0000 0.0000 2 0.1072 2.9785 0.2904 0.0923 0.0451 0.0183
60.0000 167.3924 1 80.0000 0.0000 2 0.0978 2.9648 0.2943 0.0811 0.0492 0.0153
60.0000 167.3924 1 80.0000 0.0000 2 0.1015 2.9634 0.3355 0.1063 0.0457 0.0139
60.0000 167.3924 1 80.0000 0.0000 2 0.0866 3.0257 0.2752 0.0487 0.0560 0.0186
60.0000 167.3924 1 80.0000 0.0000 2 0.1022 2.9010 0.2416 0.0639 0.0450 0.0121
60.0000 167.3924 1 80.0000 0.0000 2 0.0961 3.0007 0.2948 0.0729 0.0480 0.0115
60.0000 167.3924 1 80.0000 0.0000 2 0.1038 3.0119 0.3624 0.0608 0.0470 0.0122
60.0000 167.3924 1 80.0000 0.0000 2 0.0942 2.9521 0.3093 0.0646 0.0466 0.0192
60.0000 167.3924 1 80.0000 0.0000 2 0.0887 2.8922 0.2933 0.0380 0.0497 0.0177
60.0000 167.3924 1 80.0000 0.0000 2 0.0940 3.0688 0.2817 0.0833 0.0443 0.0169
60.0000 167.3924 1 80.0000 0.0000 2 0.1055 2.8402 0.3117 0.0955 0.0480 0.0136
60.0000 167.3924 1 80.0000 0.0000 2 0.0944 2.9466 0.2896 0.0763 0.0454 0.0107
60.0000 167.3924 1 80.0000 0.0000 2 0.0917 3.1526 0.2711 0.0460 0.0478 0.0126
60.0000 167.3924 1 80.0000 0.0000 2 0.0970 3.0031 0.3132 0.0625 0.0428 0.0176
60.0000 167.3924 1 80.0000 0.0000 2 0.0971 2.8192 0.3002 0.0431 0.0508 0.0131
60.0000 167.3924 1 80.0000 0.0000 2 0.0990 3.2309 0.2798 0.0866 0.0455 0.0164
60.0000 167.3924 1 80.0000 0.0000 2 0.0950 3.0308 0.2983 0.0779 0.0494 0.0204
60.0000 167.3924 1 80.0000 0.0000 2 0.0933 2.9417 0.3198 0.0411 0.0475 0.0131
60.0000 167.3924 1 80.0000 0.0000 2 0.0965 3.0491 0.2775 0.0979 0.0521 0.0168
60.0000 167.3924 1 80.0000 0.0000 2 0.1024 3.0916 0.2868 0.0353 0.0415 0.0134
60.0000 167.3924 1 80.0000 0.0000 2 0.0898 3.0854 0.2669 0.0593 0.0465 0.0149
60.0000 167.3924 1 80.0000 0.0000 2 0.0967 3.0358 0.3326 0.0653 0.0527 0.0205
60.0000 167.3924 1 80.0000 0.0000 2 0.0955 3.0765 0.2918 0.0932 0.0463 0.0154
60.0000 167.3924 1 80.0000 0.0000 2 0.0994 2.8673 0.3063 0.0698 0.0476 0.0172
60.0000 167.3924 1 80.0000 0.0000 2 0.1042 2.9363 0.2836 0.0718 0.0446 0.0148
60.0000 167.3924 1 80.0000 0.0000 2 0.1031 2.9823 0.3043 0.0662 0.0437 0.0146
60.0000 167.3924 1 80.0000 0.0000 2 0.0996 2.9127 0.3107 0.1008 0.0462 0.0125
60.0000 167.3924 1 80.0000 0.0000 2 0.1010 3.0213 0.3297 0.0289 0.0533 0.0147
60.0000 167.3924 1 80.0000 0.0000 2 0.1017 2.9082 0.3140 0.0782 0.0428 0.0119
60.0000 167.3924 1 80.0000 0.0000 2 0.0989 2.8740 0.3238 0.0818 0.0459 0.0095
60.0000 167.3924 1 80.0000 0.0000 2 0.0930 3.0447 0.2970 0.1145 0.0472 0.0161
60.0000 167.3924 1 80.0000 0.0000 2 0.0935 2.9260 0.2692 0.0183 0.0376 0.0128
