60.0000 161.9820 1 80.0000 0.0000 2 0.2044 2.2484 3.0978 0.0872 0.0817 -0.0008
60.0000 161.9820 1 80.0000 0.0000 2 0.1850 2.2356 3.1173 0.1207 0.1508 -0.0802
60.0000 161.9820 1 80.0000 0.0000 2 0.2033 2.1372 3.1424 0.1433 0.1605 0.1607
60.0000 161.9820 1 80.0000 0.0000 2 0.2020 2.2299 3.2867 0.0958 0.0743 0.0385
60.0000 161.9820 1 80.0000 0.0000 2 0.1870 2.2087 2.9418 0.1355 0.0863 0.2335
60.0000 161.9820 1 80.0000 0.0000 2 0.1810 2.2534 3.0776 0.1263 0.0959 0.0674
60.0000 161.9820 1 80.0000 0.0000 2 0.1822 2.3767 2.9087 0.1422 0.0069 0.2682
60.0000 161.9820 1 80.0000 0.0000 2 0.2197 2.1550 2.9302 0.1068 -0.2177 -0.0832
60.0000 161.9820 1 80.0000 0.0000 2 0.1946 2.3008 3.1628 0.0770 0.1736 -0.0667
60.0000 161.9820 1 80.0000 0.0000 2 0.1916 2.1181 2.8886 0.1240 0.2623 -0.1007
60.0000 161.9820 1 80.0000 0.0000 2 0.1961 2.2583 2.8563 0.1368 0.2855 -0.0186
60.0000 161.9820 1 80.0000 0.0000 2 0.1672 2.3295 3.0994 0.0805 0.2076 -0.0369
60.0000 161.9820 1 80.0000 0.0000 2 0.1734 2.1674 2.9425 0.1444 0.2452 0.0776
60.0000 161.9820 1 80.0000 0.0000 2 0.1898 2.2970 3.1298 0.1945 0.0459 -0.1732
60.0000 161.9820 1 80.0000 0.0000 2 0.2040 2.2058 3.0144 0.1383 -0.1155 0.2152
60.0000 161.9820 1 80.0000 0.0000 2 0.1795 2.1836 2.8399 0.1247 0.2148 0.0302
60.0000 161.9820 1 80.0000 0.0000 2 0.1902 2.2426 2.8791 0.1405 0.2259 0.4581
60.0000 161.9820 1 80.0000 0.0000 2 0.1786 2.1506 2.9263 0.1845 0.3226 0.1676
60.0000 161.9820 1 80.0000 0.0000 2 0.2150 2.4172 2.9694 0.1638 0.0385 0.1005
60.0000 161.9820 1 80.0000 0.0000 2 0.1839 2.2401 2.9515 0.1194 0.3843 0.0217
60.0000 161.9820 1 80.0000 0.0000 2 0.2167 2.2724 2.9918 0.1713 0.0641 0.0502
60.0000 161.9820 1 80.0000 0.0000 2 0.1928 2.3223 2.7622 0.1062 0.1316 0.1388
60.0000 161.9820 1 80.0000 0.0000 2 0.2017 2.2510 3.0438 0.1299 0.0174 0.1747
60.0000 161.9820 1 80.0000 0.0000 2 0.2085 2.2124 3.1875 0.1133 -0.0553 -0.0258
60.0000 161.9820 1 80.0000 0.0000 2 0.2288 2.3046 2.8215 0.0885 0.1782 0.0028
60.0000 161.9820 1 80.0000 0.0000 2 0.2315 2.2217 2.8841 0.1322 -0.0181 0.2072
60.0000 161.9820 1 80.0000 0.0000 2 0.2116 2.1788 3.0039 0.1158 0.1902 0.1206
60.0000 161.9820 1 80.0000 0.0000 2 0.1983 2.3685 3.2349 0.1781 -0.2361 -0.0377
60.0000 161.9820 1 80.0000 0.0000 2 0.2066 2.2610 3.0628 0.1147 0.4571 0.1139
60.0000 161.9820 1 80.0000 0.0000 2 0.1922 2.1914 3.0399 0.1288 0.3371 -0.2097
60.0000 161.9820 1 80.0000 0.0000 2 0.1622 2.3501 2.9167 0.1119 -0.0628 -0.0128
60.0000 161.9820 1 80.0000 0.0000 2 0.1768 2.1985 2.8309 0.1623 -0.1568 0.1936
60.0000 161.9820 1 80.0000 0.0000 2 0.2081 2.3358 2.8972 0.1589 0.1947 0.0746
60.0000 161.9820 1 80.0000 0.0000 2 0.1740 2.2805 3.0093 0.1343 0.1172 0.0108
60.0000 161.9820 1 80.0000 0.0000 2 0.1987 2.1875 3.0523 0.1224 -0.1089 0.0577
60.0000 161.9820 1 80.0000 0.0000 2 0.1884 2.3097 2.9949 0.0919 -0.0020 0.1312
60.0000 161.9820 1 80.0000 0.0000 2 0.1991 2.2853 2.9094 0.1549 -0.0435 -0.2471
60.0000 161.9820 1 80.0000 0.0000 2 0.2096 2.2743 2.8681 0.1089 0.2681 0.0872
60.0000 161.9820 1 80.0000 0.0000 2 0.2209 2.2907 3.0723 0.1306 0.1428 0.0148
60.0000 161.9820 1 80.0000 0.0000 2 0.1706 2.1606 3.0319 0.1531 0.1033 -0.1553
60.0000 161.9820 1 80.0000 0.0000 2 0.1846 2.2645 2.7475 0.1471 0.0549 -0.0558
60.0000 161.9820 1 80.0000 0.0000 2 0.2057 2.3415 2.8049 0.1671 0.1126 -0.1207
60.0000 161.9820 1 80.0000 0.0000 2 0.2142 2.0763 3.0212 0.1570 -0.1382 -0.1114
60.0000 161.9820 1 80.0000 0.0000 2 0.2119 2.3622 2.9561 0.1491 -0.0269 -0.0534
60.0000 161.9820 1 80.0000 0.0000 2 0.2002 2.0986 2.9663 0.1508 0.0285 0.0427
60.0000 161.9820 1 80.0000 0.0000 2 0.1957 2.2816 2.7018 0.1006 0.0348 0.0905
60.0000 161.9820 1 80.0000 0.0000 2 0.1940 2.3163 2.8521 0.0642 -0.0061 0.1488
60.0000 161.9820 1 80.0000 0.0000 2 0.2248 2.4027 2.9741 0.1181 0.1298 -0.1342
60.0000 161.9820 1 80.0000 0.0000 2 0.1971 2.2252 2.9812 0.1042 -0.0856 0.1038
60.0000 161.9820 1 80.0000 0.0000 2 0.1876 2.2175 2.7877 0.0991 -0.0791 0.2757
