60.0000 163.8869 1 80.0000 0.0000 2 0.1356 0.6708 0.7945 0.1468 0.0377 0.0125
60.0000 163.8869 1 80.0000 0.0000 2 0.1449 0.8040 0.7944 0.1589 0.0378 0.0166
60.0000 163.8869 1 80.0000 0.0000 2 0.1155 0.7760 0.7933 0.1269 0.0374 0.0261
60.0000 163.8869 1 80.0000 0.0000 2 0.1139 0.6924 0.7875 0.1503 0.0392 0.0140
60.0000 163.8869 1 80.0000 0.0000 2 0.1270 0.8234 0.7967 0.1413 0.0372 0.0206
60.0000 163.8869 1 80.0000 0.0000 2 0.1336 0.8590 0.7902 0.1629 0.0394 0.0197
60.0000 163.8869 1 80.0000 0.0000 2 0.1119 0.7491 0.7920 0.1741 0.0366 0.0113
60.0000 163.8869 1 80.0000 0.0000 2 0.1406 0.8082 0.7955 0.1372 0.0387 0.0275
60.0000 163.8869 1 80.0000 0.0000 2 0.1283 0.7665 0.7888 0.1459 0.0382 0.0146
60.0000 163.8869 1 80.0000 0.0000 2 0.1346 0.7356 0.7838 0.1846 0.0397 0.0162
60.0000 163.8869 1 80.0000 0.0000 2 0.1291 0.7582 0.7885 0.1772 0.0382 0.0056
60.0000 163.8869 1 80.0000 0.0000 2 0.1379 0.7808 0.7912 0.1147 0.0389 0.0184
60.0000 163.8869 1 80.0000 0.0000 2 0.1240 0.7948 0.7952 0.1873 0.0377 0.0204
60.0000 163.8869 1 80.0000 0.0000 2 0.1324 0.7549 0.7807 0.1481 0.0376 0.0240
60.0000 163.8869 1 80.0000 0.0000 2 0.1297 0.7043 0.7788 0.1748 0.0381 0.0254
60.0000 163.8869 1 80.0000 0.0000 2 0.1362 0.8749 0.7843 0.1653 0.0394 0.0177
60.0000 163.8869 1 80.0000 0.0000 2 0.1428 0.7670 0.7895 0.1402 0.0367 0.0171
60.0000 163.8869 1 80.0000 0.0000 2 0.1311 0.8220 0.7835 0.1539 0.0389 0.0199
60.0000 163.8869 1 80.0000 0.0000 2 0.1285 0.7976 0.7937 0.1254 0.0381 0.0121
60.0000 163.8869 1 80.0000 0.0000 2 0.1231 0.7441 0.7914 0.1349 0.0358 0.0311
60.0000 163.8869 1 80.0000 0.0000 2 0.1266 0.8349 0.7986 0.1495 0.0391 0.0209
60.0000 163.8869 1 80.0000 0.0000 2 0.1535 0.6871 0.7869 0.1526 0.0385 0.0203
60.0000 163.8869 1 80.0000 0.0000 2 0.1479 0.7248 0.7879 0.1381 0.0390 0.0216
60.0000 163.8869 1 80.0000 0.0000 2 0.1245 0.6413 0.7888 0.1721 0.0388 0.0160
60.0000 163.8869 1 80.0000 0.0000 2 0.1410 0.5609 0.7828 0.1669 0.0403 0.0195
60.0000 163.8869 1 80.0000 0.0000 2 0.1367 0.7842 0.7919 0.1541 0.0384 0.0164
60.0000 163.8869 1 80.0000 0.0000 2 0.1072 0.6607 0.7872 0.1699 0.0384 0.0182
60.0000 163.8869 1 80.0000 0.0000 2 0.1162 0.8104 0.7924 0.1805 0.0385 0.0226
60.0000 163.8869 1 80.0000 0.0000 2 0.1398 0.8472 0.8026 0.1645 0.0386 0.0248
60.0000 163.8869 1 80.0000 0.0000 2 0.1235 0.7477 0.7867 0.1513 0.0370 0.0102
60.0000 163.8869 1 80.0000 0.0000 2 0.1175 0.9466 0.7851 0.1667 0.0376 0.0178
60.0000 163.8869 1 80.0000 0.0000 2 0.1316 0.7156 0.7860 0.1449 0.0399 0.0153
60.0000 163.8869 1 80.0000 0.0000 2 0.1276 0.8739 0.7966 0.1553 0.0395 0.0228
60.0000 163.8869 1 80.0000 0.0000 2 0.1262 0.8922 0.7821 0.2070 0.0391 0.0145
60.0000 163.8869 1 80.0000 0.0000 2 0.1378 0.7603 0.7940 0.1433 0.0393 0.0191
60.0000 163.8869 1 80.0000 0.0000 2 0.1418 0.8322 0.7859 0.1820 0.0374 0.0188
60.0000 163.8869 1 80.0000 0.0000 2 0.1256 0.7119 0.7994 0.1608 0.0380 0.0212
60.0000 163.8869 1 80.0000 0.0000 2 0.1304 0.6797 0.7899 0.1708 0.0404 0.0137
60.0000 163.8869 1 80.0000 0.0000 2 0.1196 0.7260 0.7928 0.1789 0.0380 0.0173
60.0000 163.8869 1 80.0000 0.0000 2 0.1330 0.7392 0.7904 0.1614 0.0396 0.0237
60.0000 163.8869 1 80.0000 0.0000 2 0.1307 0.6777 0.7892 0.1619 0.0369 0.0218
60.0000 163.8869 1 80.0000 0.0000 2 0.1499 0.8404 0.8007 0.1728 0.0373 0.0157
60.0000 163.8869 1 80.0000 0.0000 2 0.1455 0.7175 0.7973 0.1575 0.0379 0.0189
60.0000 163.8869 1 80.0000 0.0000 2 0.1387 0.7897 0.7794 0.1963 0.0387 0.0130
60.0000 163.8869 1 80.0000 0.0000 2 0.1186 0.8150 0.7854 0.1321 0.0383 0.0096
60.0000 163.8869 1 80.0000 0.0000 2 0.1339 0.7297 0.7960 0.1562 0.0386 0.0175
60.0000 163.8869 1 80.0000 0.0000 2 0.1224 0.6189 0.7882 0.1935 0.0388 0.0244
60.0000 163.8869 1 80.0000 0.0000 2 0.1350 0.6995 0.7907 0.1679 0.0375 0.0149
60.0000 163.8869 1 80.0000 0.0000 2 0.1206 0.7863 0.7910 0.1595 0.0383 0.0232
60.0000 163.8869 1 80.0000 0.0000 2 0.1210 0.7707 0.7926 0.1845 0.0379 0.0222
