60.0000 166.1721 1 80.0000 0.0000 2 0.1786 0.9345 1.1344 0.0669 0.0662 0.0470
60.0000 166.1721 1 80.0000 0.0000 2 0.1978 0.9800 1.1580 0.0459 0.0707 0.0176
60.0000 166.1721 1 80.0000 0.0000 2 0.1887 1.0465 1.1974 -0.0041 0.0626 0.0842
60.0000 166.1721 1 80.0000 0.0000 2 0.1711 0.9634 1.0941 0.0244 0.0565 0.0347
60.0000 166.1721 1 80.0000 0.0000 2 0.1669 1.0127 1.1553 0.0945 0.0372 0.0290
60.0000 166.1721 1 80.0000 0.0000 2 0.1876 1.0717 1.1784 0.0519 0.0610 0.0901
60.0000 166.1721 1 80.0000 0.0000 2 0.1945 1.0230 1.0208 0.0170 0.0599 0.1021
60.0000 166.1721 1 80.0000 0.0000 2 0.2098 1.0346 1.0769 0.0587 0.0540 0.0631
60.0000 166.1721 1 80.0000 0.0000 2 0.1886 0.9679 1.1164 0.0233 0.0599 0.0873
60.0000 166.1721 1 80.0000 0.0000 2 0.1831 1.0825 1.2410 0.0211 0.0615 0.0068
60.0000 166.1721 1 80.0000 0.0000 2 0.1761 0.9849 0.9703 0.0004 0.0679 0.0508
60.0000 166.1721 1 80.0000 0.0000 2 0.1828 0.9317 1.0899 0.0257 0.0528 0.0567
60.0000 166.1721 1 80.0000 0.0000 2 0.1989 1.1156 1.0328 0.0083 0.0724 0.0527
60.0000 166.1721 1 80.0000 0.0000 2 0.1689 1.1001 1.0513 0.0779 0.0664 0.1073
60.0000 166.1721 1 80.0000 0.0000 2 0.1725 1.2356 1.0462 -0.0210 0.0418 0.0543
60.0000 166.1721 1 80.0000 0.0000 2 0.1797 0.9538 1.1003 0.0881 0.0753 0.0807
60.0000 166.1721 1 80.0000 0.0000 2 0.1901 1.0421 1.1409 -0.0278 0.0467 0.0378
60.0000 166.1721 1 80.0000 0.0000 2 0.1838 1.0307 1.2825 0.0135 0.0580 0.0645
60.0000 166.1721 1 80.0000 0.0000 2 0.1959 0.9993 1.0546 0.0424 0.0334 0.0452
60.0000 166.1721 1 80.0000 0.0000 2 0.1868 1.0606 1.1267 0.0524 0.0647 0.0442
60.0000 166.1721 1 80.0000 0.0000 2 0.1903 1.1330 1.0058 0.0487 0.0404 0.0309
60.0000 166.1721 1 80.0000 0.0000 2 0.1768 1.0520 1.1913 0.0965 0.0631 0.0618
60.0000 166.1721 1 80.0000 0.0000 2 0.1699 0.9860 0.9191 -0.0003 0.0483 0.0506
60.0000 166.1721 1 80.0000 0.0000 2 0.1737 1.0164 1.1479 -0.0072 0.0588 0.0685
60.0000 166.1721 1 80.0000 0.0000 2 0.1847 1.1202 1.0662 0.0651 0.0450 0.0675
60.0000 166.1721 1 80.0000 0.0000 2 0.1678 1.0555 1.2636 0.0717 0.0736 0.0937
60.0000 166.1721 1 80.0000 0.0000 2 0.1600 1.0830 1.0428 0.0755 0.0546 0.0600
60.0000 166.1721 1 80.0000 0.0000 2 0.2022 0.8950 1.1127 0.0480 0.0495 0.0203
60.0000 166.1721 1 80.0000 0.0000 2 0.2000 1.0643 1.0693 0.0441 0.0438 0.0383
60.0000 166.1721 1 80.0000 0.0000 2 0.1795 1.1017 1.0734 0.0029 0.0712 0.0828
60.0000 166.1721 1 80.0000 0.0000 2 0.1912 1.0894 1.1221 0.0555 0.0519 0.0737
60.0000 166.1721 1 80.0000 0.0000 2 0.1577 1.0266 0.9879 0.0575 0.0507 0.0562
60.0000 166.1721 1 80.0000 0.0000 2 0.1388 0.9484 1.1116 0.0282 0.0746 0.0763
60.0000 166.1721 1 80.0000 0.0000 2 0.1658 1.0180 1.1821 -0.0479 0.0671 0.0403
60.0000 166.1721 1 80.0000 0.0000 2 0.1629 1.1462 1.2057 0.0826 0.0786 0.0659
60.0000 166.1721 1 80.0000 0.0000 2 0.1955 0.8551 1.0266 0.0338 0.0692 0.0789
60.0000 166.1721 1 80.0000 0.0000 2 0.1934 0.9135 1.0081 0.0060 0.0491 0.0465
60.0000 166.1721 1 80.0000 0.0000 2 0.1811 0.9422 0.9923 0.0378 0.0770 0.0961
60.0000 166.1721 1 80.0000 0.0000 2 0.1752 1.0027 1.0593 0.0704 0.0522 0.0730
60.0000 166.1721 1 80.0000 0.0000 2 0.1853 0.9199 1.1645 0.0322 0.0642 0.0610
60.0000 166.1721 1 80.0000 0.0000 2 0.1729 0.9037 1.0384 0.0624 0.0686 0.0663
60.0000 166.1721 1 80.0000 0.0000 2 0.1774 1.1546 1.0997 -0.0131 0.0552 0.0713
60.0000 166.1721 1 80.0000 0.0000 2 0.1822 1.0084 1.0859 0.0176 0.0814 0.0550
60.0000 166.1721 1 80.0000 0.0000 2 0.1641 1.0391 1.0829 0.1116 0.0587 0.0327
60.0000 166.1721 1 80.0000 0.0000 2 0.2048 1.0749 0.9530 0.0308 0.0621 0.0491
60.0000 166.1721 1 80.0000 0.0000 2 0.2182 0.8739 1.1453 0.0111 0.0650 0.0583
60.0000 166.1721 1 80.0000 0.0000 2 0.1863 0.9944 1.1068 0.0397 0.0557 0.0698
60.0000 166.1721 1 80.0000 0.0000 2 0.1805 0.9917 1.2206 0.0366 0.0842 0.0426
60.0000 166.1721 1 80.0000 0.0000 2 0.1925 0.9751 1.1307 0.1682 0.0861 0.0779
60.0000 166.1721 1 80.0000 0.0000 2 0.1748 0.9588 1.1716 -0.0323 0.0569 0.0254
