60.0000 171.5323 1 80.0000 0.0000 2 0.1087 2.4668 4.1106 0.0679 0.1738 0.0677
60.0000 171.5323 1 80.0000 0.0000 2 0.1034 2.4948 4.0287 0.0315 0.1583 0.0644
60.0000 171.5323 1 80.0000 0.0000 2 0.1256 2.3973 4.1938 0.0413 0.1600 0.0737
60.0000 171.5323 1 80.0000 0.0000 2 0.1072 2.4072 4.1176 0.0233 0.1609 0.0759
60.0000 171.5323 1 80.0000 0.0000 2 0.1154 2.4456 3.9546 0.0618 0.1710 0.0642
60.0000 171.5323 1 80.0000 0.0000 2 0.0994 2.5549 4.0042 0.0550 0.1686 0.0613
60.0000 171.5323 1 80.0000 0.0000 2 0.1227 2.3732 4.0727 0.0430 0.1612 0.0816
60.0000 171.5323 1 80.0000 0.0000 2 0.1122 2.4391 4.0654 0.0526 0.1652 0.0688
60.0000 171.5323 1 80.0000 0.0000 2 0.1105 2.3592 4.1547 0.0697 0.1591 0.0831
60.0000 171.5323 1 80.0000 0.0000 2 0.1330 2.4399 4.1281 0.0763 0.1637 0.0706
60.0000 171.5323 1 80.0000 0.0000 2 0.1080 2.3903 4.3033 0.0275 0.1779 0.0803
60.0000 171.5323 1 80.0000 0.0000 2 0.1148 2.3256 4.0944 0.0396 0.1703 0.0919
60.0000 171.5323 1 80.0000 0.0000 2 0.1093 2.4026 4.1019 0.0741 0.1572 0.0673
60.0000 171.5323 1 80.0000 0.0000 2 0.1141 2.4284 4.0488 0.0788 0.1763 0.0650
60.0000 171.5323 1 80.0000 0.0000 2 0.1143 2.4099 4.0879 0.0343 0.1662 0.0749
60.0000 171.5323 1 80.0000 0.0000 2 0.1103 2.2899 4.0600 0.0922 0.1815 0.0689
60.0000 171.5323 1 80.0000 0.0000 2 0.1116 2.3548 4.1055 0.0402 0.1420 0.0732
60.0000 171.5323 1 80.0000 0.0000 2 0.0944 2.4554 4.2004 0.0232 0.1645 0.0812
60.0000 171.5323 1 80.0000 0.0000 2 0.1111 2.4644 3.9290 0.0497 0.1507 0.0632
60.0000 171.5323 1 80.0000 0.0000 2 0.1171 2.2755 4.0955 0.0719 0.1825 0.0670
60.0000 171.5323 1 80.0000 0.0000 2 0.1165 2.3940 4.0757 0.0643 0.1462 0.0681
60.0000 171.5323 1 80.0000 0.0000 2 0.0890 2.4180 4.1870 0.0150 0.1689 0.0654
60.0000 171.5323 1 80.0000 0.0000 2 0.1132 2.4338 4.0663 0.0570 0.1622 0.0618
60.0000 171.5323 1 80.0000 0.0000 2 0.0850 2.4479 3.9774 0.0329 0.1651 0.0716
60.0000 171.5323 1 80.0000 0.0000 2 0.1233 2.5159 4.1616 0.0386 0.1669 0.0682
60.0000 171.5323 1 80.0000 0.0000 2 0.1005 2.4009 4.1230 0.0035 0.1518 0.0783
60.0000 171.5323 1 80.0000 0.0000 2 0.1074 2.4877 3.9018 0.0293 0.1493 0.0757
60.0000 171.5323 1 80.0000 0.0000 2 0.0969 2.3751 4.2154 0.0454 0.1659 0.0709
60.0000 171.5323 1 80.0000 0.0000 2 0.1286 2.4145 4.1226 0.0607 0.1625 0.0665
60.0000 171.5323 1 80.0000 0.0000 2 0.1015 2.5008 4.2394 0.0890 0.1552 0.0604
60.0000 171.5323 1 80.0000 0.0000 2 0.1243 2.4793 4.1454 0.0469 0.1676 0.0751
60.0000 171.5323 1 80.0000 0.0000 2 0.1309 2.3095 4.1384 0.0448 0.1716 0.0739
60.0000 171.5323 1 80.0000 0.0000 2 0.0998 2.5408 3.9914 0.0476 0.1615 0.0718
60.0000 171.5323 1 80.0000 0.0000 2 0.1195 2.3853 4.0382 0.0587 0.1728 0.0661
60.0000 171.5323 1 80.0000 0.0000 2 0.0908 2.4508 3.9382 0.0481 0.1482 0.0585
60.0000 171.5323 1 80.0000 0.0000 2 0.0959 2.5295 4.0001 0.0514 0.1559 0.0700
60.0000 171.5323 1 80.0000 0.0000 2 0.1021 2.3375 4.0186 0.0434 0.1575 0.0627
60.0000 171.5323 1 80.0000 0.0000 2 0.1049 2.5744 4.0329 0.0370 0.1596 0.0769
60.0000 171.5323 1 80.0000 0.0000 2 0.1211 2.4844 4.0434 0.0657 0.1642 0.0795
60.0000 171.5323 1 80.0000 0.0000 2 0.1350 2.3505 4.1421 0.0362 0.1546 0.0789
60.0000 171.5323 1 80.0000 0.0000 2 0.1056 2.3786 4.1755 0.0556 0.1521 0.0694
60.0000 171.5323 1 80.0000 0.0000 2 0.1203 2.4189 3.9731 0.0503 0.1542 0.0712
60.0000 171.5323 1 80.0000 0.0000 2 0.0928 2.4304 4.0215 0.0518 0.1534 0.0773
60.0000 171.5323 1 80.0000 0.0000 2 0.0768 2.3452 4.0785 0.0627 0.1697 0.0765
60.0000 171.5323 1 80.0000 0.0000 2 0.1183 2.4256 4.0549 0.0577 0.1680 0.0697
60.0000 171.5323 1 80.0000 0.0000 2 0.0985 2.4739 4.0114 0.0598 0.1630 0.0742
60.0000 171.5323 1 80.0000 0.0000 2 0.1176 2.5063 4.1672 0.0655 0.1732 0.0727
60.0000 171.5323 1 80.0000 0.0000 2 0.1062 2.4598 4.0476 0.0702 0.1752 0.0723
60.0000 171.5323 1 80.0000 0.0000 2 0.1030 2.4694 3.9832 0.0833 0.1590 0.0553
60.0000 171.5323 1 80.0000 0.0000 2 0.1044 2.3645 4.0845 0.0541 0.1563 0.0727
