60.0000 161.2560 1 80.0000 0.0000 2 0.1813 1.3459 7.7237 0.0048 0.1651 0.1169
60.0000 161.2560 1 80.0000 0.0000 2 0.1831 1.2886 7.8041 -0.0038 0.1638 0.1140
60.0000 161.2560 1 80.0000 0.0000 2 0.1680 1.3763 7.8562 -0.0015 0.1734 0.1095
60.0000 161.2560 1 80.0000 0.0000 2 0.1765 1.4235 8.2617 -0.0002 0.1584 0.1054
60.0000 161.2560 1 80.0000 0.0000 2 0.1650 1.3133 7.9254 0.0027 0.1570 0.1104
60.0000 161.2560 1 80.0000 0.0000 2 0.1775 1.3300 7.8883 -0.0037 0.1692 0.1145
60.0000 161.2560 1 80.0000 0.0000 2 0.1753 1.3439 7.7207 0.0008 0.1601 0.1212
60.0000 161.2560 1 80.0000 0.0000 2 0.1751 1.3649 7.6739 0.0015 0.1590 0.1122
60.0000 161.2560 1 80.0000 0.0000 2 0.1738 1.3674 7.5929 0.0199 0.1789 0.1158
60.0000 161.2560 1 80.0000 0.0000 2 0.1698 1.3267 7.6563 -0.0157 0.1708 0.1190
60.0000 161.2560 1 80.0000 0.0000 2 0.1785 1.3064 7.4856 0.0038 0.1745 0.1029
60.0000 161.2560 1 80.0000 0.0000 2 0.1715 1.3521 7.9904 0.0116 0.1718 0.1079
60.0000 161.2560 1 80.0000 0.0000 2 0.1746 1.3780 7.7374 0.0074 0.1689 0.1093
60.0000 161.2560 1 80.0000 0.0000 2 0.1740 1.4019 7.6932 0.0033 0.1650 0.1013
60.0000 161.2560 1 80.0000 0.0000 2 0.1718 1.2712 7.5832 0.0013 0.1536 0.1025
60.0000 161.2560 1 80.0000 0.0000 2 0.1761 1.2553 8.0218 0.0109 0.1685 0.0971
60.0000 161.2560 1 80.0000 0.0000 2 0.1773 1.3980 7.4351 -0.0065 0.1675 0.1065
60.0000 161.2560 1 80.0000 0.0000 2 0.1703 1.2757 7.8499 0.0102 0.1606 0.1180
60.0000 161.2560 1 80.0000 0.0000 2 0.1659 1.4293 7.5740 -0.0025 0.1775 0.0993
60.0000 161.2560 1 80.0000 0.0000 2 0.1803 1.4409 7.9595 0.0069 0.1828 0.1072
60.0000 161.2560 1 80.0000 0.0000 2 0.1687 1.3637 7.4234 -0.0295 0.1593 0.1223
60.0000 161.2560 1 80.0000 0.0000 2 0.1670 1.3383 7.7469 -0.0020 0.1725 0.1107
60.0000 161.2560 1 80.0000 0.0000 2 0.1797 1.3551 7.5514 -0.0030 0.1666 0.1111
60.0000 161.2560 1 80.0000 0.0000 2 0.1780 1.2163 7.6809 0.0144 0.1659 0.1131
60.0000 161.2560 1 80.0000 0.0000 2 0.1696 1.3738 7.3026 0.0060 0.1568 0.1127
60.0000 161.2560 1 80.0000 0.0000 2 0.1626 1.2681 7.7039 0.0020 0.1697 0.1138
60.0000 161.2560 1 80.0000 0.0000 2 0.1764 1.2992 7.8196 0.0131 0.1615 0.1282
60.0000 161.2560 1 80.0000 0.0000 2 0.1711 1.3606 7.6472 0.0155 0.1632 0.1147
60.0000 161.2560 1 80.0000 0.0000 2 0.1785 1.3048 7.6418 0.0054 0.1553 0.1154
60.0000 161.2560 1 80.0000 0.0000 2 0.1815 1.3871 7.9472 -0.0131 0.1727 0.1166
60.0000 161.2560 1 80.0000 0.0000 2 0.1770 1.4150 7.5387 0.0001 0.1738 0.1051
60.0000 161.2560 1 80.0000 0.0000 2 0.1726 1.4106 7.6338 -0.0051 0.1520 0.1059
60.0000 161.2560 1 80.0000 0.0000 2 0.1827 1.3913 7.8413 0.0091 0.1655 0.1232
60.0000 161.2560 1 80.0000 0.0000 2 0.1741 1.2849 7.7895 0.0080 0.1706 0.0949
60.0000 161.2560 1 80.0000 0.0000 2 0.1664 1.4451 7.7742 0.0119 0.1767 0.1160
60.0000 161.2560 1 80.0000 0.0000 2 0.1683 1.4859 8.0418 0.0087 0.1681 0.1087
60.0000 161.2560 1 80.0000 0.0000 2 0.1605 1.3945 7.5031 0.0052 0.1664 0.1086
60.0000 161.2560 1 80.0000 0.0000 2 0.1729 1.3155 7.6179 -0.0099 0.1671 0.1203
60.0000 161.2560 1 80.0000 0.0000 2 0.1714 1.2318 7.5252 0.0040 0.1754 0.0998
60.0000 161.2560 1 80.0000 0.0000 2 0.1889 1.4552 7.7731 0.0190 0.1844 0.1124
60.0000 161.2560 1 80.0000 0.0000 2 0.1734 1.2390 7.6076 -0.0083 0.1714 0.1038
60.0000 161.2560 1 80.0000 0.0000 2 0.1791 1.3236 8.1542 0.0024 0.1625 0.1047
60.0000 161.2560 1 80.0000 0.0000 2 0.1706 1.4801 7.3931 -0.0091 0.1795 0.1117
60.0000 161.2560 1 80.0000 0.0000 2 0.1748 1.3178 7.8078 -0.0105 0.1701 0.1197
60.0000 161.2560 1 80.0000 0.0000 2 0.1690 1.3495 7.7545 -0.0010 0.1758 0.1178
60.0000 161.2560 1 80.0000 0.0000 2 0.1724 1.3347 7.9146 0.0063 0.1635 0.1265
60.0000 161.2560 1 80.0000 0.0000 2 0.1732 1.3818 7.6958 -0.0069 0.1643 0.1240
60.0000 161.2560 1 80.0000 0.0000 2 0.1757 1.3331 7.4785 -0.0060 0.1478 0.1077
60.0000 161.2560 1 80.0000 0.0000 2 0.1847 1.2954 7.5650 -0.0046 0.1611 0.1187
60.0000 161.2560 1 80.0000 0.0000 2 0.1798 1.4080 7.8693 -0.0005 0.1624 0.1103
