60.0000 158.7190 1 80.0000 0.0000 2 0.1781 1.2931 3.8033 0.0296 0.0958 0.1123
60.0000 158.7190 1 80.0000 0.0000 2 0.1953 1.3196 3.7799 0.0206 0.1345 0.1181
60.0000 158.7190 1 80.0000 0.0000 2 0.2086 1.2545 3.7655 0.0603 0.1552 0.1322
60.0000 158.7190 1 80.0000 0.0000 2 0.1969 1.1785 3.8283 0.0673 0.1055 0.0795
60.0000 158.7190 1 80.0000 0.0000 2 0.1996 1.2578 3.9009 0.0323 0.1115 0.0842
60.0000 158.7190 1 80.0000 0.0000 2 0.2085 1.3066 3.7588 0.0434 0.1516 0.1095
60.0000 158.7190 1 80.0000 0.0000 2 0.2290 1.4063 3.8667 0.0279 0.1488 0.1042
60.0000 158.7190 1 80.0000 0.0000 2 0.1822 1.4498 3.9593 0.0491 0.1655 0.1165
60.0000 158.7190 1 80.0000 0.0000 2 0.2101 1.1902 3.8201 0.0452 0.1194 0.1137
60.0000 158.7190 1 80.0000 0.0000 2 0.1973 1.3380 3.8383 0.0321 0.1366 0.1238
60.0000 158.7190 1 80.0000 0.0000 2 0.2360 1.3159 3.9203 0.0386 0.1333 0.1339
60.0000 158.7190 1 80.0000 0.0000 2 0.2031 1.2718 3.8081 0.0291 0.0850 0.1289
60.0000 158.7190 1 80.0000 0.0000 2 0.1991 1.4050 3.6147 0.0247 0.1279 0.1206
60.0000 158.7190 1 80.0000 0.0000 2 0.2011 1.3109 3.7747 0.0427 0.1270 0.1158
60.0000 158.7190 1 80.0000 0.0000 2 0.2203 1.2967 3.9489 0.0402 0.1469 0.0975
60.0000 158.7190 1 80.0000 0.0000 2 0.2132 1.2905 3.7849 0.0414 0.1409 0.0937
60.0000 158.7190 1 80.0000 0.0000 2 0.2163 1.3674 3.8896 0.0089 0.1602 0.0709
60.0000 158.7190 1 80.0000 0.0000 2 0.2016 1.2596 3.7141 0.0268 0.1237 0.1032
60.0000 158.7190 1 80.0000 0.0000 2 0.2039 1.2649 3.7959 0.0172 0.1310 0.1259
60.0000 158.7190 1 80.0000 0.0000 2 0.2077 1.3142 3.7924 0.0622 0.1126 0.1219
60.0000 158.7190 1 80.0000 0.0000 2 0.2195 1.2217 3.7447 0.0568 0.1187 0.1210
60.0000 158.7190 1 80.0000 0.0000 2 0.2000 1.4285 3.8374 0.0374 0.1753 0.1246
60.0000 158.7190 1 80.0000 0.0000 2 0.2044 1.3001 3.8921 0.0367 0.1257 0.1071
60.0000 158.7190 1 80.0000 0.0000 2 0.2127 1.3256 3.7894 0.0501 0.1593 0.0759
60.0000 158.7190 1 80.0000 0.0000 2 0.2061 1.3518 3.8305 0.0464 0.1355 0.0864
60.0000 158.7190 1 80.0000 0.0000 2 0.2149 1.2128 3.8686 0.0482 0.1684 0.1445
60.0000 158.7190 1 80.0000 0.0000 2 0.2138 1.3435 3.8121 0.0348 0.1287 0.1107
60.0000 158.7190 1 80.0000 0.0000 2 0.1887 1.2501 3.7107 0.0467 0.1155 0.0872
60.0000 158.7190 1 80.0000 0.0000 2 0.2027 1.2007 3.6894 0.0574 0.1136 0.0924
60.0000 158.7190 1 80.0000 0.0000 2 0.1924 1.3812 3.9075 0.0180 0.1007 0.1119
60.0000 158.7190 1 80.0000 0.0000 2 0.2178 1.2795 3.8729 0.0340 0.1302 0.1008
60.0000 158.7190 1 80.0000 0.0000 2 0.2054 1.3488 3.8516 0.0651 0.1419 0.0991
60.0000 158.7190 1 80.0000 0.0000 2 0.2099 1.2882 3.8817 0.0305 0.1507 0.1058
60.0000 158.7190 1 80.0000 0.0000 2 0.2248 1.1644 3.8767 0.0397 0.1376 0.1391
60.0000 158.7190 1 80.0000 0.0000 2 0.2111 1.2455 3.9295 0.0514 0.1201 0.1509
60.0000 158.7190 1 80.0000 0.0000 2 0.1940 1.3881 3.7369 0.0534 0.1249 0.1191
60.0000 158.7190 1 80.0000 0.0000 2 0.1856 1.3792 3.7679 0.0445 0.1321 0.0890
60.0000 158.7190 1 80.0000 0.0000 2 0.2059 1.3709 3.8178 0.0387 0.1454 0.1144
60.0000 158.7190 1 80.0000 0.0000 2 0.1948 1.3310 3.8254 0.0528 0.1167 0.1283
60.0000 158.7190 1 80.0000 0.0000 2 0.2163 1.2272 3.8625 0.0552 0.1216 0.1082
60.0000 158.7190 1 80.0000 0.0000 2 0.1894 1.3036 3.9379 0.0234 0.1227 0.1617
60.0000 158.7190 1 80.0000 0.0000 2 0.2114 1.2348 4.0419 0.0589 0.1529 0.1030
60.0000 158.7190 1 80.0000 0.0000 2 0.1837 1.2781 3.8499 0.0476 0.1070 0.0950
60.0000 158.7190 1 80.0000 0.0000 2 0.1907 1.3273 3.7311 0.0349 0.1430 0.1004
60.0000 158.7190 1 80.0000 0.0000 2 0.1961 1.3536 3.9920 0.0437 0.1093 0.1076
60.0000 158.7190 1 80.0000 0.0000 2 0.1981 1.3595 3.7525 0.0542 0.1035 0.1363
60.0000 158.7190 1 80.0000 0.0000 2 0.2020 1.2836 3.8555 0.0357 0.0925 0.1303
60.0000 158.7190 1 80.0000 0.0000 2 0.1913 1.2709 3.8430 0.0416 0.1400 0.0585
60.0000 158.7190 1 80.0000 0.0000 2 0.2072 1.3336 3.7985 0.0822 0.1391 0.0970
60.0000 158.7190 1 80.0000 0.0000 2 0.2224 1.2411 3.9126 0.0506 0.1442 0.0915
