60.0000 169.9170 1 80.0000 0.0000 2 0.1419 2.5056 0.2382 0.3189 0.0623 0.0407
60.0000 169.9170 1 80.0000 0.0000 2 0.1266 2.4559 0.2483 0.3082 0.0593 0.0400
60.0000 169.9170 1 80.0000 0.0000 2 0.1256 2.3851 0.2587 0.2804 0.0649 0.0281
60.0000 169.9170 1 80.0000 0.0000 2 0.1322 2.6114 0.1956 0.2999 0.0648 0.0421
60.0000 169.9170 1 80.0000 0.0000 2 0.1433 2.3438 0.1723 0.2975 0.0550 0.0415
60.0000 169.9170 1 80.0000 0.0000 2 0.1630 2.4017 0.2448 0.2776 0.0601 0.0344
60.0000 169.9170 1 80.0000 0.0000 2 0.1449 2.3170 0.2072 0.2986 0.0539 0.0329
60.0000 169.9170 1 80.0000 0.0000 2 0.1215 2.6558 0.2467 0.3137 0.0614 0.0399
60.0000 169.9170 1 80.0000 0.0000 2 0.1463 2.5082 0.2205 0.2918 0.0456 0.0326
60.0000 169.9170 1 80.0000 0.0000 2 0.1001 2.4185 0.2216 0.3116 0.0544 0.0317
60.0000 169.9170 1 80.0000 0.0000 2 0.1406 2.4943 0.2402 0.2982 0.0570 0.0240
60.0000 169.9170 1 80.0000 0.0000 2 0.1376 2.3112 0.2708 0.2941 0.0531 0.0549
60.0000 169.9170 1 80.0000 0.0000 2 0.1332 2.4784 0.2144 0.2922 0.0582 0.0265
60.0000 169.9170 1 80.0000 0.0000 2 0.1184 2.4884 0.2353 0.2944 0.0607 0.0364
60.0000 169.9170 1 80.0000 0.0000 2 0.1355 2.3898 0.2114 0.3141 0.0538 0.0334
60.0000 169.9170 1 80.0000 0.0000 2 0.1616 2.4087 0.2538 0.3050 0.0755 0.0452
60.0000 169.9170 1 80.0000 0.0000 2 0.1363 2.5507 0.2251 0.3054 0.0584 0.0306
60.0000 169.9170 1 80.0000 0.0000 2 0.1275 2.4203 0.2192 0.3105 0.0636 0.0355
60.0000 169.9170 1 80.0000 0.0000 2 0.1346 2.3472 0.2784 0.2929 0.0618 0.0264
60.0000 169.9170 1 80.0000 0.0000 2 0.1516 2.3596 0.2441 0.3007 0.0502 0.0312
60.0000 169.9170 1 80.0000 0.0000 2 0.1282 2.5621 0.2411 0.3335 0.0621 0.0466
60.0000 169.9170 1 80.0000 0.0000 2 0.1314 2.5157 0.2096 0.2883 0.0530 0.0359
60.0000 169.9170 1 80.0000 0.0000 2 0.1409 2.4471 0.2172 0.2852 0.0695 0.0215
60.0000 169.9170 1 80.0000 0.0000 2 0.1443 2.3794 0.2286 0.3041 0.0556 0.0336
60.0000 169.9170 1 80.0000 0.0000 2 0.1482 2.2955 0.2424 0.3083 0.0547 0.0271
60.0000 169.9170 1 80.0000 0.0000 2 0.1492 2.2168 0.3000 0.2991 0.0565 0.0294
60.0000 169.9170 1 80.0000 0.0000 2 0.1390 2.4315 0.2658 0.3032 0.0611 0.0493
60.0000 169.9170 1 80.0000 0.0000 2 0.1567 2.3926 0.2079 0.2902 0.0558 0.0299
60.0000 169.9170 1 80.0000 0.0000 2 0.1326 2.4586 0.1964 0.2864 0.0594 0.0431
60.0000 169.9170 1 80.0000 0.0000 2 0.1300 2.5747 0.2571 0.2585 0.0526 0.0347
60.0000 169.9170 1 80.0000 0.0000 2 0.1342 2.3678 0.2303 0.2951 0.0560 0.0377
60.0000 169.9170 1 80.0000 0.0000 2 0.1145 2.5234 0.2009 0.3021 0.0571 0.0342
60.0000 169.9170 1 80.0000 0.0000 2 0.1295 2.4245 0.2629 0.2935 0.0591 0.0304
60.0000 169.9170 1 80.0000 0.0000 2 0.1231 2.5413 0.2263 0.2955 0.0631 0.0183
60.0000 169.9170 1 80.0000 0.0000 2 0.1546 2.3566 0.2148 0.3172 0.0575 0.0221
60.0000 169.9170 1 80.0000 0.0000 2 0.1249 2.2809 0.2598 0.2864 0.0605 0.0321
60.0000 169.9170 1 80.0000 0.0000 2 0.1401 2.5876 0.2347 0.3064 0.0521 0.0286
60.0000 169.9170 1 80.0000 0.0000 2 0.1396 2.4398 0.1877 0.2910 0.0578 0.0382
60.0000 169.9170 1 80.0000 0.0000 2 0.1436 2.4690 0.2278 0.3031 0.0513 0.0245
60.0000 169.9170 1 80.0000 0.0000 2 0.1503 2.3324 0.2338 0.2879 0.0507 0.0376
60.0000 169.9170 1 80.0000 0.0000 2 0.1353 2.3249 0.2027 0.3014 0.0639 0.0255
60.0000 169.9170 1 80.0000 0.0000 2 0.1534 2.4060 0.2504 0.2827 0.0626 0.0479
60.0000 169.9170 1 80.0000 0.0000 2 0.1473 2.4353 0.2515 0.2897 0.0664 0.0368
60.0000 169.9170 1 80.0000 0.0000 2 0.1510 2.2663 0.1810 0.2966 0.0680 0.0135
60.0000 169.9170 1 80.0000 0.0000 2 0.1310 2.2996 0.2377 0.3068 0.0586 0.0426
60.0000 169.9170 1 80.0000 0.0000 2 0.1368 2.2461 0.2175 0.2797 0.0563 0.0386
60.0000 169.9170 1 80.0000 0.0000 2 0.1426 2.4653 0.2233 0.3011 0.0482 0.0390
60.0000 169.9170 1 80.0000 0.0000 2 0.1456 2.2014 0.2308 0.3100 0.0660 0.0290
60.0000 169.9170 1 80.0000 0.0000 2 0.1379 2.3747 0.2040 0.2971 0.0598 0.0359
60.0000 169.9170 1 80.0000 0.0000 2 0.1196 2.4796 0.2324 0.2843 0.0492 0.0443
