60.0000 167.4234 1 80.0000 0.0000 2 0.1245 1.1672 0.7146 0.2374 0.0450 0.0271
60.0000 167.4234 1 80.0000 0.0000 2 0.1117 1.2678 0.6744 0.2359 0.0419 0.0152
60.0000 167.4234 1 80.0000 0.0000 2 0.1133 1.2233 0.7481 0.2384 0.0421 0.0249
60.0000 167.4234 1 80.0000 0.0000 2 0.1251 1.2628 0.7124 0.2392 0.0394 0.0223
60.0000 167.4234 1 80.0000 0.0000 2 0.1100 1.2430 0.7445 0.2385 0.0440 0.0254
60.0000 167.4234 1 80.0000 0.0000 2 0.1103 1.2042 0.7078 0.2377 0.0411 0.0373
60.0000 167.4234 1 80.0000 0.0000 2 0.1121 1.2147 0.8295 0.2425 0.0460 0.0045
60.0000 167.4234 1 80.0000 0.0000 2 0.1214 1.1839 0.7473 0.2397 0.0414 0.0351
60.0000 167.4234 1 80.0000 0.0000 2 0.1136 1.3387 0.6692 0.2395 0.0392 0.0341
60.0000 167.4234 1 80.0000 0.0000 2 0.1226 1.0408 0.7553 0.2396 0.0348 0.0335
60.0000 167.4234 1 80.0000 0.0000 2 0.1079 1.1910 0.6831 0.2404 0.0432 0.0333
60.0000 167.4234 1 80.0000 0.0000 2 0.1295 1.1720 0.7595 0.2363 0.0411 0.0299
60.0000 167.4234 1 80.0000 0.0000 2 0.1163 1.2851 0.7912 0.2404 0.0481 0.0363
60.0000 167.4234 1 80.0000 0.0000 2 0.0957 1.2413 0.7198 0.2382 0.0417 0.0361
60.0000 167.4234 1 80.0000 0.0000 2 0.1142 1.2683 0.7356 0.2368 0.0401 0.0425
60.0000 167.4234 1 80.0000 0.0000 2 0.1182 1.2105 0.7106 0.2412 0.0423 0.0135
60.0000 167.4234 1 80.0000 0.0000 2 0.1031 1.1651 0.7322 0.2439 0.0415 0.0320
60.0000 167.4234 1 80.0000 0.0000 2 0.1160 1.2472 0.6561 0.2427 0.0406 0.0286
60.0000 167.4234 1 80.0000 0.0000 2 0.1219 1.2379 0.7391 0.2432 0.0474 0.0325
60.0000 167.4234 1 80.0000 0.0000 2 0.1229 1.1896 0.7287 0.2390 0.0418 0.0200
60.0000 167.4234 1 80.0000 0.0000 2 0.1046 1.1102 0.7337 0.2338 0.0461 0.0263
60.0000 167.4234 1 80.0000 0.0000 2 0.1209 1.2279 0.6780 0.2378 0.0437 0.0389
60.0000 167.4234 1 80.0000 0.0000 2 0.1087 1.2275 0.7680 0.2457 0.0465 -0.0009
60.0000 167.4234 1 80.0000 0.0000 2 0.1128 1.1360 0.7423 0.2423 0.0447 0.0277
60.0000 167.4234 1 80.0000 0.0000 2 0.1271 1.1291 0.7315 0.2402 0.0442 0.0188
60.0000 167.4234 1 80.0000 0.0000 2 0.1066 1.0856 0.7175 0.2418 0.0449 0.0413
60.0000 167.4234 1 80.0000 0.0000 2 0.1112 1.1402 0.7222 0.2413 0.0456 0.0311
60.0000 167.4234 1 80.0000 0.0000 2 0.1301 1.1773 0.6942 0.2421 0.0403 0.0237
60.0000 167.4234 1 80.0000 0.0000 2 0.1192 1.2514 0.7035 0.2414 0.0431 0.0560
60.0000 167.4234 1 80.0000 0.0000 2 0.1197 1.3459 0.7168 0.2400 0.0433 0.0430
60.0000 167.4234 1 80.0000 0.0000 2 0.1008 1.2008 0.7529 0.2387 0.0382 0.0179
60.0000 167.4234 1 80.0000 0.0000 2 0.1174 1.2949 0.7703 0.2375 0.0399 0.0206
60.0000 167.4234 1 80.0000 0.0000 2 0.1023 1.1023 0.7609 0.2438 0.0409 0.0107
60.0000 167.4234 1 80.0000 0.0000 2 0.1082 1.1522 0.7258 0.2410 0.0371 0.0160
60.0000 167.4234 1 80.0000 0.0000 2 0.1097 1.1452 0.7791 0.2393 0.0439 0.0396
60.0000 167.4234 1 80.0000 0.0000 2 0.1125 1.2976 0.7043 0.2391 0.0467 0.0227
60.0000 167.4234 1 80.0000 0.0000 2 0.1260 1.2736 0.7648 0.2353 0.0435 0.0173
60.0000 167.4234 1 80.0000 0.0000 2 0.1070 1.2088 0.7006 0.2399 0.0386 0.0306
60.0000 167.4234 1 80.0000 0.0000 2 0.1203 1.2551 0.6911 0.2408 0.0426 0.0485
60.0000 167.4234 1 80.0000 0.0000 2 0.1156 1.1178 0.7251 0.2364 0.0365 0.0215
60.0000 167.4234 1 80.0000 0.0000 2 0.1144 1.3283 0.6963 0.2408 0.0444 0.0381
60.0000 167.4234 1 80.0000 0.0000 2 0.1237 1.3121 0.7753 0.2379 0.0397 0.0286
60.0000 167.4234 1 80.0000 0.0000 2 0.1177 1.2800 0.7269 0.2388 0.0425 0.0240
60.0000 167.4234 1 80.0000 0.0000 2 0.1399 1.3047 0.7208 0.2383 0.0390 0.0084
60.0000 167.4234 1 80.0000 0.0000 2 0.1153 1.3855 0.7092 0.2372 0.0429 0.0127
60.0000 167.4234 1 80.0000 0.0000 2 0.1169 1.2203 0.6883 0.2370 0.0427 0.0268
60.0000 167.4234 1 80.0000 0.0000 2 0.1060 1.1955 0.6973 0.2418 0.0378 0.0292
60.0000 167.4234 1 80.0000 0.0000 2 0.0982 1.1819 0.7505 0.2346 0.0510 0.0466
60.0000 167.4234 1 80.0000 0.0000 2 0.1053 1.2339 0.7409 0.2407 0.0405 0.0458
60.0000 167.4234 1 80.0000 0.0000 2 0.1186 1.1593 0.7383 0.2401 0.0453 0.0198
