60.0000 161.7720 1 80.0000 0.0000 2 0.0598 1.8608 3.9740 0.0941 0.0900 0.0257
60.0000 161.7720 1 80.0000 0.0000 2 -0.0196 1.7645 3.8878 0.0729 0.0886 0.0358
60.0000 161.7720 1 80.0000 0.0000 2 0.0894 1.8728 4.1960 0.0799 0.0799 0.0420
60.0000 161.7720 1 80.0000 0.0000 2 0.0798 1.8295 4.2786 0.0841 0.0859 0.0285
60.0000 161.7720 1 80.0000 0.0000 2 0.1987 1.7926 3.6912 0.1131 0.0953 0.0321
60.0000 161.7720 1 80.0000 0.0000 2 0.0969 1.8679 3.9153 0.0844 0.0879 0.0325
60.0000 161.7720 1 80.0000 0.0000 2 0.1281 1.8982 3.7887 0.0909 0.0839 0.0315
60.0000 161.7720 1 80.0000 0.0000 2 -0.0025 1.7918 3.6408 0.0671 0.0912 0.0343
60.0000 161.7720 1 80.0000 0.0000 2 0.0952 1.9334 3.5155 0.0890 0.0876 0.0334
60.0000 161.7720 1 80.0000 0.0000 2 0.2404 1.7777 3.6702 0.0710 0.0927 0.0366
60.0000 161.7720 1 80.0000 0.0000 2 0.1545 1.8768 3.9300 0.1233 0.0860 0.0340
60.0000 161.7720 1 80.0000 0.0000 2 0.1070 1.8813 3.7363 0.1265 0.0964 0.0317
60.0000 161.7720 1 80.0000 0.0000 2 0.1898 1.7826 3.9596 0.1182 0.0920 0.0360
60.0000 161.7720 1 80.0000 0.0000 2 0.3302 1.9150 3.6856 0.0788 0.1021 0.0430
60.0000 161.7720 1 80.0000 0.0000 2 0.0193 1.9427 4.0824 0.1402 0.0826 0.0399
60.0000 161.7720 1 80.0000 0.0000 2 0.2678 1.8646 4.1485 0.1049 0.0872 0.0400
60.0000 161.7720 1 80.0000 0.0000 2 0.0492 1.8510 3.7667 0.1037 0.0892 0.0382
60.0000 161.7720 1 80.0000 0.0000 2 0.1809 1.8350 3.8379 0.0986 0.0700 0.0354
60.0000 161.7720 1 80.0000 0.0000 2 0.1675 1.9569 3.9893 0.0969 0.0964 0.0331
60.0000 161.7720 1 80.0000 0.0000 2 0.1394 1.8568 3.8396 0.1005 0.0990 0.0330
60.0000 161.7720 1 80.0000 0.0000 2 0.0336 1.8084 3.8191 0.0695 0.0865 0.0298
60.0000 161.7720 1 80.0000 0.0000 2 0.2210 1.8990 3.7404 0.0820 0.0977 0.0407
60.0000 161.7720 1 80.0000 0.0000 2 0.0739 1.8663 3.5942 0.0817 0.0908 0.0309
60.0000 161.7720 1 80.0000 0.0000 2 0.3100 1.9199 3.7605 0.1075 0.0773 0.0267
60.0000 161.7720 1 80.0000 0.0000 2 -0.0952 1.7114 4.1123 0.0854 0.0743 0.0347
60.0000 161.7720 1 80.0000 0.0000 2 0.1105 1.8852 4.1371 0.1301 0.0942 0.0245
60.0000 161.7720 1 80.0000 0.0000 2 0.3019 1.8468 3.9437 0.0594 0.0918 0.0277
60.0000 161.7720 1 80.0000 0.0000 2 0.2349 1.9094 4.0240 0.0997 0.0906 0.0376
60.0000 161.7720 1 80.0000 0.0000 2 0.1617 2.0199 3.6475 0.1023 0.0984 0.0386
60.0000 161.7720 1 80.0000 0.0000 2 0.2903 1.8040 3.8597 0.1096 0.0945 0.0369
60.0000 161.7720 1 80.0000 0.0000 2 0.2264 1.8430 3.9910 0.0978 0.0830 0.0393
60.0000 161.7720 1 80.0000 0.0000 2 0.2727 1.9227 3.6056 0.0936 0.0970 0.0302
60.0000 161.7720 1 80.0000 0.0000 2 0.2570 1.9370 3.8708 0.0908 0.0854 0.0373
60.0000 161.7720 1 80.0000 0.0000 2 0.3807 1.8382 3.7927 0.0884 0.0955 0.0303
60.0000 161.7720 1 80.0000 0.0000 2 0.2043 1.8825 4.0773 0.1117 0.1093 0.0337
60.0000 161.7720 1 80.0000 0.0000 2 0.0078 1.8942 4.0037 0.0430 0.0849 0.0412
60.0000 161.7720 1 80.0000 0.0000 2 0.4422 1.8215 3.8535 0.1329 0.0845 0.0272
60.0000 161.7720 1 80.0000 0.0000 2 0.2483 1.8191 3.9144 0.1011 0.1058 0.0381
60.0000 161.7720 1 80.0000 0.0000 2 0.2159 1.8128 4.0477 0.1146 0.0924 0.0294
60.0000 161.7720 1 80.0000 0.0000 2 0.3602 1.8323 4.3227 0.0749 0.0778 0.0168
60.0000 161.7720 1 80.0000 0.0000 2 -0.0654 1.8001 3.7226 0.0921 0.1041 0.0231
60.0000 161.7720 1 80.0000 0.0000 2 0.1760 1.8513 3.9547 0.1077 0.0896 0.0448
60.0000 161.7720 1 80.0000 0.0000 2 0.0468 1.8892 4.0328 0.1205 0.0796 0.0324
60.0000 161.7720 1 80.0000 0.0000 2 0.1503 1.8547 3.8767 0.0767 0.1010 0.0498
60.0000 161.7720 1 80.0000 0.0000 2 0.1930 1.8145 3.8259 0.1113 0.0816 0.0280
60.0000 161.7720 1 80.0000 0.0000 2 -0.0358 1.9048 3.5644 0.1172 0.0883 0.0365
60.0000 161.7720 1 80.0000 0.0000 2 0.1185 1.8408 3.7761 0.0958 0.0998 0.0312
60.0000 161.7720 1 80.0000 0.0000 2 0.1339 1.8751 3.8995 0.1059 0.0810 0.0350
60.0000 161.7720 1 80.0000 0.0000 2 0.3332 1.7456 3.8083 0.0871 0.0937 0.0289
60.0000 161.7720 1 80.0000 0.0000 2 0.1476 1.8260 3.7076 0.0629 0.0931 0.0353
