60.0000 164.1071 1 80.0000 0.0000 2 0.2032 1.7855 3.3987 0.0906 0.0791 0.0539
60.0000 164.1071 1 80.0000 0.0000 2 0.2019 1.8859 2.9129 0.1058 0.1206 0.0655
60.0000 164.1071 1 80.0000 0.0000 2 0.2182 1.9787 3.3134 0.1452 0.1412 0.0635
60.0000 164.1071 1 80.0000 0.0000 2 0.2101 1.7080 3.3376 0.1362 0.1242 0.0832
60.0000 164.1071 1 80.0000 0.0000 2 0.2079 1.6735 3.2551 0.1180 0.1327 0.0755
60.0000 164.1071 1 80.0000 0.0000 2 0.1943 1.5152 3.4531 0.1411 0.1169 0.0639
60.0000 164.1071 1 80.0000 0.0000 2 0.1783 1.6303 3.5179 0.1247 0.1285 0.0663
60.0000 164.1071 1 80.0000 0.0000 2 0.2051 1.5704 3.1592 0.1345 0.1047 0.0577
60.0000 164.1071 1 80.0000 0.0000 2 0.1762 1.8725 3.4602 0.1624 0.1274 0.0785
60.0000 164.1071 1 80.0000 0.0000 2 0.1982 1.3777 3.2910 0.1300 0.1311 0.0749
60.0000 164.1071 1 80.0000 0.0000 2 0.2213 1.7740 3.1840 0.1141 0.1267 0.0841
60.0000 164.1071 1 80.0000 0.0000 2 0.1913 1.5946 3.2158 0.1572 0.1590 0.0670
60.0000 164.1071 1 80.0000 0.0000 2 0.1939 1.7990 3.0133 0.1089 0.1374 0.0811
60.0000 164.1071 1 80.0000 0.0000 2 0.1989 2.0292 3.1759 0.0978 0.1295 0.0516
60.0000 164.1071 1 80.0000 0.0000 2 0.1958 2.0934 3.5446 0.1463 0.1339 0.0700
60.0000 164.1071 1 80.0000 0.0000 2 0.1873 1.6865 3.2420 0.1332 0.1316 0.0775
60.0000 164.1071 1 80.0000 0.0000 2 0.2083 1.6216 3.4759 0.0829 0.1064 0.0916
60.0000 164.1071 1 80.0000 0.0000 2 0.2022 1.6424 3.3201 0.1740 0.1121 0.0681
60.0000 164.1071 1 80.0000 0.0000 2 0.1884 1.7454 3.3752 0.1480 0.1257 0.0687
60.0000 164.1071 1 80.0000 0.0000 2 0.1891 1.8647 3.5333 0.0883 0.1368 0.0524
60.0000 164.1071 1 80.0000 0.0000 2 0.1881 1.7604 3.0993 0.1124 0.1131 0.0627
60.0000 164.1071 1 80.0000 0.0000 2 0.2038 1.9613 3.3638 0.1131 0.1233 0.1061
60.0000 164.1071 1 80.0000 0.0000 2 0.1953 1.7405 3.0568 0.1198 0.0995 0.0551
60.0000 164.1071 1 80.0000 0.0000 2 0.1682 1.8169 3.3811 0.1029 0.1219 0.0766
60.0000 164.1071 1 80.0000 0.0000 2 0.1747 1.9242 3.4142 0.1325 0.1185 0.0378
60.0000 164.1071 1 80.0000 0.0000 2 0.2252 1.4537 3.4932 0.1279 0.1489 0.0707
60.0000 164.1071 1 80.0000 0.0000 2 0.1806 1.8081 3.3443 0.0919 0.1111 0.0739
60.0000 164.1071 1 80.0000 0.0000 2 0.1863 1.5843 3.2560 0.1642 0.1261 0.0559
60.0000 164.1071 1 80.0000 0.0000 2 0.1853 1.4823 3.2976 0.1003 0.1080 0.0444
60.0000 164.1071 1 80.0000 0.0000 2 0.2107 1.7833 3.3486 0.1366 0.1447 0.0611
60.0000 164.1071 1 80.0000 0.0000 2 0.2150 1.8374 3.5775 0.1090 0.1190 0.0490
60.0000 164.1071 1 80.0000 0.0000 2 0.2065 1.3586 3.2105 0.1160 0.1138 0.0781
60.0000 164.1071 1 80.0000 0.0000 2 0.1923 1.6985 3.7600 0.1113 0.1359 0.0888
60.0000 164.1071 1 80.0000 0.0000 2 0.1822 1.7246 3.4184 0.1392 0.1389 0.0588
60.0000 164.1071 1 80.0000 0.0000 2 0.1978 1.9078 3.2871 0.1436 0.1214 0.0802
60.0000 164.1071 1 80.0000 0.0000 2 0.2124 1.8330 3.1273 0.1534 0.1010 0.0721
60.0000 164.1071 1 80.0000 0.0000 2 0.1964 1.9423 3.6150 0.1224 0.1041 0.0432
60.0000 164.1071 1 80.0000 0.0000 2 0.1906 2.1596 3.2699 0.1201 0.1430 0.0694
60.0000 164.1071 1 80.0000 0.0000 2 0.2058 1.8544 3.4290 0.1274 0.1179 0.0644
60.0000 164.1071 1 80.0000 0.0000 2 0.1970 1.6841 3.1730 0.1263 0.1195 0.0724
60.0000 164.1071 1 80.0000 0.0000 2 0.1728 1.7278 3.2231 0.1062 0.1245 0.0573
60.0000 164.1071 1 80.0000 0.0000 2 0.1838 2.0427 3.1451 0.1500 0.1342 0.0858
60.0000 164.1071 1 80.0000 0.0000 2 0.1997 1.5494 3.0356 0.1244 0.1143 0.0730
60.0000 164.1071 1 80.0000 0.0000 2 0.1900 1.9276 3.1217 0.0757 0.0954 0.0820
60.0000 164.1071 1 80.0000 0.0000 2 0.1847 1.5228 3.3927 0.1381 0.1099 0.0596
60.0000 164.1071 1 80.0000 0.0000 2 0.1793 2.0080 3.3249 0.1176 0.1085 0.0617
60.0000 164.1071 1 80.0000 0.0000 2 0.2009 1.6125 3.0853 0.1012 0.1163 0.0677
60.0000 164.1071 1 80.0000 0.0000 2 0.2007 1.6539 3.2345 0.1219 0.1299 0.0483
60.0000 164.1071 1 80.0000 0.0000 2 0.1928 2.4140 3.1943 0.1304 0.1229 0.0876
60.0000 164.1071 1 80.0000 0.0000 2 0.2141 1.8928 3.2774 0.0970 0.1155 0.0944
