60.0000 177.1249 1 80.0000 0.0000 2 0.1315 1.2255 0.3431 0.2404 -0.2547 0.2383
60.0000 177.1249 1 80.0000 0.0000 2 0.1387 1.0738 0.3418 0.2007 0.0675 0.0167
60.0000 177.1249 1 80.0000 0.0000 2 0.1202 1.1405 0.3199 0.1813 0.1024 0.0586
60.0000 177.1249 1 80.0000 0.0000 2 0.1331 0.9177 0.3110 0.2646 0.1609 0.0560
60.0000 177.1249 1 80.0000 0.0000 2 0.1276 1.0248 0.3300 0.2248 0.0961 0.1955
60.0000 177.1249 1 80.0000 0.0000 2 0.1291 1.1290 0.3396 0.2695 -0.1131 0.0443
60.0000 177.1249 1 80.0000 0.0000 2 0.1273 1.0489 0.3090 0.2100 0.2769 -0.2009
60.0000 177.1249 1 80.0000 0.0000 2 0.1267 1.2868 0.3178 0.2043 0.1810 0.1281
60.0000 177.1249 1 80.0000 0.0000 2 0.1241 1.1114 0.3320 0.2135 0.0101 0.0290
60.0000 177.1249 1 80.0000 0.0000 2 0.1383 1.2073 0.3296 0.2890 0.2656 -0.0347
60.0000 177.1249 1 80.0000 0.0000 2 0.1127 1.1741 0.3375 0.2078 0.0360 0.0196
60.0000 177.1249 1 80.0000 0.0000 2 0.1236 1.1923 0.3168 0.1595 -0.0399 0.1362
60.0000 177.1249 1 80.0000 0.0000 2 0.1350 1.1863 0.3347 0.1849 0.2346 0.0983
60.0000 177.1249 1 80.0000 0.0000 2 0.1136 1.0908 0.3465 0.3274 0.0725 0.1210
60.0000 177.1249 1 80.0000 0.0000 2 0.1165 0.9954 0.3289 0.2348 -0.0566 0.2811
60.0000 177.1249 1 80.0000 0.0000 2 0.1361 1.1517 0.3381 0.2231 0.3629 -0.0912
60.0000 177.1249 1 80.0000 0.0000 2 0.1266 1.0869 0.3468 0.3319 0.1886 -0.0325
60.0000 177.1249 1 80.0000 0.0000 2 0.1253 1.2683 0.3331 0.2412 0.3154 0.1721
60.0000 177.1249 1 80.0000 0.0000 2 0.1231 1.1663 0.3242 0.3103 0.1678 0.0082
60.0000 177.1249 1 80.0000 0.0000 2 0.1310 1.3179 0.3538 0.1927 0.0892 0.0729
60.0000 177.1249 1 80.0000 0.0000 2 0.1287 1.0139 0.3278 0.2558 0.1320 -0.1422
60.0000 177.1249 1 80.0000 0.0000 2 0.1219 1.0575 0.3508 0.2499 0.2279 0.0037
60.0000 177.1249 1 80.0000 0.0000 2 0.1353 1.1601 0.3193 0.2186 0.1269 0.1529
60.0000 177.1249 1 80.0000 0.0000 2 0.1213 1.1929 0.3064 0.2544 0.2486 0.0786
60.0000 177.1249 1 80.0000 0.0000 2 0.1206 0.9565 0.3324 0.2820 0.3901 -0.0732
60.0000 177.1249 1 80.0000 0.0000 2 0.1223 1.2346 0.3220 0.2167 0.2183 0.1808
60.0000 177.1249 1 80.0000 0.0000 2 0.1281 1.1129 0.3498 0.2575 0.3054 -0.0121
60.0000 177.1249 1 80.0000 0.0000 2 0.1227 1.2408 0.3233 0.2614 0.0802 0.0948
60.0000 177.1249 1 80.0000 0.0000 2 0.1261 0.9629 0.3273 0.1968 0.1765 0.0799
60.0000 177.1249 1 80.0000 0.0000 2 0.1478 1.0308 0.3455 0.2443 0.3565 -0.0988
60.0000 177.1249 1 80.0000 0.0000 2 0.1299 1.0493 0.3250 0.1699 0.1098 -0.0492
60.0000 177.1249 1 80.0000 0.0000 2 0.1326 1.1550 0.3479 0.2213 -0.0764 0.2042
60.0000 177.1249 1 80.0000 0.0000 2 0.1319 1.1793 0.3369 0.1324 0.2549 -0.0227
60.0000 177.1249 1 80.0000 0.0000 2 0.1420 1.2059 0.3590 0.1879 0.0145 0.0852
60.0000 177.1249 1 80.0000 0.0000 2 0.1338 1.0791 0.3263 0.2301 0.1470 0.2182
60.0000 177.1249 1 80.0000 0.0000 2 0.1255 0.9825 0.3312 0.2471 0.1541 -0.0084
60.0000 177.1249 1 80.0000 0.0000 2 0.1189 1.1479 0.3135 0.2956 0.0492 0.1072
60.0000 177.1249 1 80.0000 0.0000 2 0.1427 1.2194 0.3386 0.2680 0.0024 0.1385
60.0000 177.1249 1 80.0000 0.0000 2 0.1182 1.1064 0.3214 0.2714 0.4321 0.0364
60.0000 177.1249 1 80.0000 0.0000 2 0.1400 1.0952 0.3253 0.1553 0.3249 0.1836
60.0000 177.1249 1 80.0000 0.0000 2 0.1101 1.1339 0.3308 0.2927 0.0530 -0.0618
60.0000 177.1249 1 80.0000 0.0000 2 0.1195 1.2541 0.3410 0.3031 0.1192 0.2569
60.0000 177.1249 1 80.0000 0.0000 2 0.1071 1.1250 0.3361 0.2313 0.0261 0.0474
60.0000 177.1249 1 80.0000 0.0000 2 0.1173 1.1185 0.3401 0.2503 0.2878 0.1148
60.0000 177.1249 1 80.0000 0.0000 2 0.1342 1.0397 0.3444 0.1997 0.2134 0.3102
60.0000 177.1249 1 80.0000 0.0000 2 0.1373 1.0688 0.3425 0.2286 -0.0190 0.1030
60.0000 177.1249 1 80.0000 0.0000 2 0.1247 1.1395 0.3339 0.2765 -0.0359 0.1625
60.0000 177.1249 1 80.0000 0.0000 2 0.1304 1.0995 0.3353 0.1720 0.1987 0.0657
60.0000 177.1249 1 80.0000 0.0000 2 0.1296 1.0639 0.3561 0.2799 0.2081 0.0334
60.0000 177.1249 1 80.0000 0.0000 2 0.1156 1.0030 0.3658 0.2376 0.1391 0.1476
