60.0000 168.0613 1 80.0000 0.0000 2 0.2058 2.9942 0.1525 -1.0402 0.2895 -0.0207
60.0000 168.0613 1 80.0000 0.0000 2 0.1979 3.0842 0.2086 0.2200 0.0111 0.0884
60.0000 168.0613 1 80.0000 0.0000 2 0.2284 2.9686 0.1921 -0.4669 0.1506 -0.0657
60.0000 168.0613 1 80.0000 0.0000 2 0.1965 2.9767 0.1854 -1.4076 0.1066 -0.1019
60.0000 168.0613 1 80.0000 0.0000 2 0.1838 3.2137 0.1714 -0.9512 0.1963 0.1353
60.0000 168.0613 1 80.0000 0.0000 2 0.2438 2.9928 0.2049 -0.7066 0.0050 -0.1198
60.0000 168.0613 1 80.0000 0.0000 2 0.2030 2.9478 0.1975 0.5920 0.1211 0.0119
60.0000 168.0613 1 80.0000 0.0000 2 0.2390 3.0065 0.2098 -0.0001 0.1877 -0.0232
60.0000 168.0613 1 80.0000 0.0000 2 0.2416 2.8897 0.2008 0.2407 -0.0931 0.0088
60.0000 168.0613 1 80.0000 0.0000 2 0.1771 2.9083 0.1773 1.2935 0.0940 0.0732
60.0000 168.0613 1 80.0000 0.0000 2 0.2474 2.9037 0.1960 0.7410 0.0837 -0.0005
60.0000 168.0613 1 80.0000 0.0000 2 0.2094 2.8163 0.2120 -0.5473 0.2325 0.0323
60.0000 168.0613 1 80.0000 0.0000 2 0.1886 2.7914 0.1842 -0.0383 -0.0006 -0.0474
60.0000 168.0613 1 80.0000 0.0000 2 0.2220 3.0717 0.2030 0.3761 0.1301 -0.0322
60.0000 168.0613 1 80.0000 0.0000 2 0.2160 3.0395 0.2197 -1.4984 0.0496 0.0538
60.0000 168.0613 1 80.0000 0.0000 2 0.1943 2.9434 0.2004 -0.1436 0.1533 0.1880
60.0000 168.0613 1 80.0000 0.0000 2 0.2120 2.8770 0.1803 1.7405 0.0884 0.0148
60.0000 168.0613 1 80.0000 0.0000 2 0.1861 2.9800 0.2143 -1.6639 0.0360 0.0394
60.0000 168.0613 1 80.0000 0.0000 2 0.2231 2.8855 0.2079 -1.9677 -0.0480 0.0677
60.0000 168.0613 1 80.0000 0.0000 2 0.2196 3.0891 0.2034 0.8668 0.1388 0.0208
60.0000 168.0613 1 80.0000 0.0000 2 0.2174 2.9575 0.1979 0.4079 0.0300 0.1447
60.0000 168.0613 1 80.0000 0.0000 2 0.1926 3.0178 0.1867 0.5330 0.0334 0.1173
60.0000 168.0613 1 80.0000 0.0000 2 0.1917 3.0100 0.1990 0.4644 0.1692 -0.0292
60.0000 168.0613 1 80.0000 0.0000 2 0.2299 3.0489 0.1937 2.1800 0.0702 0.0600
60.0000 168.0613 1 80.0000 0.0000 2 0.2104 2.8518 0.2060 1.2596 0.1014 0.0445
60.0000 168.0613 1 80.0000 0.0000 2 0.2039 3.0566 0.1908 0.1251 -0.1098 0.1020
60.0000 168.0613 1 80.0000 0.0000 2 0.1995 2.9275 0.2136 1.1373 -0.0397 0.0803
60.0000 168.0613 1 80.0000 0.0000 2 0.2117 2.9540 0.1997 1.5719 -0.0781 0.0052
60.0000 168.0613 1 80.0000 0.0000 2 0.2240 2.9628 0.1819 -1.2858 0.0551 0.0480
60.0000 168.0613 1 80.0000 0.0000 2 0.2270 2.8351 0.2161 -0.6392 0.0573 -0.0622
60.0000 168.0613 1 80.0000 0.0000 2 0.2331 3.1094 0.2212 0.6961 -0.0324 -0.0803
60.0000 168.0613 1 80.0000 0.0000 2 0.2670 2.9157 0.2167 -0.2188 0.0160 0.0778
60.0000 168.0613 1 80.0000 0.0000 2 0.2357 3.0022 0.1952 -0.4191 0.0431 -0.0392
60.0000 168.0613 1 80.0000 0.0000 2 0.2085 2.9718 0.2346 -0.2914 0.0209 -0.0341
60.0000 168.0613 1 80.0000 0.0000 2 0.2306 2.9220 0.1810 -0.8564 -0.0595 0.0947
60.0000 168.0613 1 80.0000 0.0000 2 0.2137 2.8464 0.2256 2.0144 0.0637 -0.0941
60.0000 168.0613 1 80.0000 0.0000 2 0.2146 3.0225 0.1903 -0.5773 -0.0246 -0.1508
60.0000 168.0613 1 80.0000 0.0000 2 0.1799 2.9397 0.2106 0.0461 -0.1813 -0.1346
60.0000 168.0613 1 80.0000 0.0000 2 0.2067 2.7616 0.2044 1.3839 -0.0914 -0.0073
60.0000 168.0613 1 80.0000 0.0000 2 0.2169 2.8224 0.1919 -1.1023 -0.0030 -0.0092
60.0000 168.0613 1 80.0000 0.0000 2 0.2317 3.0351 0.1893 0.3211 0.0775 0.0569
60.0000 168.0613 1 80.0000 0.0000 2 0.2250 2.9344 0.1930 0.8296 -0.0549 0.0282
60.0000 168.0613 1 80.0000 0.0000 2 0.2489 2.9250 0.1758 0.9368 0.1138 0.0352
60.0000 168.0613 1 80.0000 0.0000 2 0.2212 2.8929 0.2240 -0.7654 0.1701 0.1142
60.0000 168.0613 1 80.0000 0.0000 2 0.2367 2.8991 0.1966 -0.3529 -0.0089 -0.0135
60.0000 168.0613 1 80.0000 0.0000 2 0.2008 2.8661 0.2020 -0.1063 -0.0164 0.0249
60.0000 168.0613 1 80.0000 0.0000 2 0.1638 2.8737 0.1722 0.6383 0.0760 -0.0487
60.0000 168.0613 1 80.0000 0.0000 2 0.2529 2.8591 0.2066 -0.1956 -0.1331 -0.0558
60.0000 168.0613 1 80.0000 0.0000 2 0.2189 2.7069 0.1864 0.1389 0.1259 -0.0762
60.0000 168.0613 1 80.0000 0.0000 2 0.2021 2.9846 0.1879 1.0450 0.2111 -0.0044
