60.0000 170.5039 1 80.0000 0.0000 2 0.1638 0.3788 0.2251 0.0604 -0.0122 -0.0531
60.0000 170.5039 1 80.0000 0.0000 2 0.1423 0.4836 0.2220 0.0476 0.1659 0.1926
60.0000 170.5039 1 80.0000 0.0000 2 0.0992 0.4754 0.2289 0.0245 -0.0618 -0.0714
60.0000 170.5039 1 80.0000 0.0000 2 0.1445 0.4015 0.2082 0.0408 0.1036 0.1056
60.0000 170.5039 1 80.0000 0.0000 2 0.1192 0.4994 0.2032 0.0011 -0.2386 0.4472
60.0000 170.5039 1 80.0000 0.0000 2 0.1333 0.3476 0.2100 0.0906 -0.0877 -0.0324
60.0000 170.5039 1 80.0000 0.0000 2 0.1245 0.4439 0.2095 0.1189 0.2155 0.0674
60.0000 170.5039 1 80.0000 0.0000 2 0.1551 0.3628 0.2173 0.1587 0.0620 0.0589
60.0000 170.5039 1 80.0000 0.0000 2 0.1523 0.5067 0.2192 0.0178 -0.0469 -0.3410
60.0000 170.5039 1 80.0000 0.0000 2 0.1462 0.4675 0.2054 0.1481 0.0796 -0.2293
60.0000 170.5039 1 80.0000 0.0000 2 0.1118 0.4465 0.2064 -0.0852 -0.1116 -0.0406
60.0000 170.5039 1 80.0000 0.0000 2 0.1277 0.2703 0.2091 0.0979 0.1147 0.2491
60.0000 170.5039 1 80.0000 0.0000 2 0.1373 0.3875 0.2264 -0.0105 -0.1296 -0.2012
60.0000 170.5039 1 80.0000 0.0000 2 0.1752 0.2749 0.1983 0.0432 -0.0086 0.1149
60.0000 170.5039 1 80.0000 0.0000 2 0.1317 0.3291 0.1952 0.0513 -0.1511 0.0467
60.0000 170.5039 1 80.0000 0.0000 2 0.1360 0.5475 0.2086 0.0334 0.0424 0.1239
60.0000 170.5039 1 80.0000 0.0000 2 0.1145 0.5913 0.2016 0.0129 0.0557 0.2642
60.0000 170.5039 1 80.0000 0.0000 2 0.1220 0.4001 0.2104 -0.0162 0.2944 0.3574
60.0000 170.5039 1 80.0000 0.0000 2 0.1837 0.5935 0.2274 0.0376 -0.0847 -0.1125
60.0000 170.5039 1 80.0000 0.0000 2 0.1664 0.2147 0.2059 0.1324 0.0377 0.2149
60.0000 170.5039 1 80.0000 0.0000 2 0.1036 0.3895 0.1998 -0.0302 0.0099 0.1624
60.0000 170.5039 1 80.0000 0.0000 2 0.1485 0.5350 0.2239 0.0667 0.0228 0.1332
60.0000 170.5039 1 80.0000 0.0000 2 0.1398 0.6241 0.2113 0.0103 0.2224 0.0076
60.0000 170.5039 1 80.0000 0.0000 2 0.1695 0.4878 0.2357 -0.0379 0.0488 0.0975
60.0000 170.5039 1 80.0000 0.0000 2 0.1255 0.3636 0.2161 0.0784 0.0050 -0.1023
60.0000 170.5039 1 80.0000 0.0000 2 0.1504 0.5506 0.2110 -0.0025 0.1695 0.0124
60.0000 170.5039 1 80.0000 0.0000 2 0.1408 0.2970 0.2126 0.0825 -0.0242 -0.1383
60.0000 170.5039 1 80.0000 0.0000 2 0.1591 0.5127 0.2137 0.0301 -0.0496 0.1938
60.0000 170.5039 1 80.0000 0.0000 2 0.0859 0.6371 0.2203 -0.0173 0.0192 0.1532
60.0000 170.5039 1 80.0000 0.0000 2 0.1216 0.3355 0.2196 0.0633 -0.0003 0.4121
60.0000 170.5039 1 80.0000 0.0000 2 0.0976 0.5211 0.2133 0.1080 0.1052 -0.0219
60.0000 170.5039 1 80.0000 0.0000 2 0.1347 0.5617 0.1934 0.1030 0.1820 -0.2625
60.0000 170.5039 1 80.0000 0.0000 2 0.1761 0.3137 0.2209 -0.0229 0.3701 0.2337
60.0000 170.5039 1 80.0000 0.0000 2 0.1575 0.4078 0.2044 0.0758 -0.0745 0.0292
60.0000 170.5039 1 80.0000 0.0000 2 0.1185 0.5711 0.2075 0.0285 0.1181 0.2971
60.0000 170.5039 1 80.0000 0.0000 2 0.1157 0.6653 0.2184 0.0559 0.1496 -0.4655
60.0000 170.5039 1 80.0000 0.0000 2 0.1529 0.4163 0.2117 0.0689 0.0715 -0.1871
60.0000 170.5039 1 80.0000 0.0000 2 0.1085 0.4633 0.2230 0.0455 0.0321 0.1773
60.0000 170.5039 1 80.0000 0.0000 2 0.1609 0.4941 0.2152 -0.0660 -0.0358 -0.1477
60.0000 170.5039 1 80.0000 0.0000 2 0.1925 0.4308 0.2156 0.0877 0.1330 0.0413
60.0000 170.5039 1 80.0000 0.0000 2 0.1724 0.4384 0.2139 0.1265 -0.1047 0.0820
60.0000 170.5039 1 80.0000 0.0000 2 0.1386 0.4546 0.2039 0.0721 0.1444 -0.1736
60.0000 170.5039 1 80.0000 0.0000 2 0.1071 0.4182 0.2121 -0.0540 -0.0264 0.2855
60.0000 170.5039 1 80.0000 0.0000 2 0.1471 0.2369 0.2027 0.0221 0.2506 -0.0958
60.0000 170.5039 1 80.0000 0.0000 2 0.0770 0.3075 0.2174 0.1126 0.1342 -0.0650
60.0000 170.5039 1 80.0000 0.0000 2 0.1616 0.4263 0.2069 0.0080 0.1975 -0.2964
60.0000 170.5039 1 80.0000 0.0000 2 0.1298 0.4582 0.1999 0.0937 0.0710 0.5130
60.0000 170.5039 1 80.0000 0.0000 2 0.1435 0.5251 0.2164 0.1783 -0.1689 -0.0037
60.0000 170.5039 1 80.0000 0.0000 2 0.2207 0.3542 0.2146 0.0535 0.0932 0.3361
60.0000 170.5039 1 80.0000 0.0000 2 0.1285 0.3728 0.2181 -0.0059 0.0855 0.3218
