60.0000 171.5664 1 80.0000 0.0000 2 0.1816 2.1308 0.1140 0.3094 0.0525 0.0511
60.0000 171.5664 1 80.0000 0.0000 2 0.1967 2.1645 0.1194 0.2971 0.0623 0.0411
60.0000 171.5664 1 80.0000 0.0000 2 0.2017 2.2732 0.1144 0.2929 0.0766 0.0400
60.0000 171.5664 1 80.0000 0.0000 2 0.1961 2.1214 0.1113 0.2911 0.0584 0.0382
60.0000 171.5664 1 80.0000 0.0000 2 0.2037 1.8513 0.1153 0.2725 0.0652 0.0488
60.0000 171.5664 1 80.0000 0.0000 2 0.1917 2.2494 0.1070 0.3210 0.0558 0.0531
60.0000 171.5664 1 80.0000 0.0000 2 0.2061 1.9741 0.1106 0.2823 0.0540 0.0352
60.0000 171.5664 1 80.0000 0.0000 2 0.2064 2.0037 0.1056 0.2813 0.0729 0.0593
60.0000 171.5664 1 80.0000 0.0000 2 0.1997 2.1574 0.1271 0.2838 0.0550 0.0257
60.0000 171.5664 1 80.0000 0.0000 2 0.2115 1.8874 0.1357 0.3064 0.0697 0.0432
60.0000 171.5664 1 80.0000 0.0000 2 0.1889 2.1939 0.1126 0.3014 0.0608 0.0558
60.0000 171.5664 1 80.0000 0.0000 2 0.1882 2.0694 0.1181 0.3051 0.0678 0.0477
60.0000 171.5664 1 80.0000 0.0000 2 0.1791 2.0855 0.1233 0.3243 0.0713 0.0602
60.0000 171.5664 1 80.0000 0.0000 2 0.2044 2.0341 0.1172 0.3083 0.0503 0.0425
60.0000 171.5664 1 80.0000 0.0000 2 0.1953 2.2174 0.1212 0.2763 0.0703 0.0543
60.0000 171.5664 1 80.0000 0.0000 2 0.2024 2.0658 0.1168 0.2871 0.0738 0.0630
60.0000 171.5664 1 80.0000 0.0000 2 0.2030 1.9568 0.1132 0.2789 0.0613 0.0481
60.0000 171.5664 1 80.0000 0.0000 2 0.2156 2.2586 0.1097 0.2920 0.0672 0.0695
60.0000 171.5664 1 80.0000 0.0000 2 0.2224 2.1173 0.1179 0.2993 0.0629 0.0363
60.0000 171.5664 1 80.0000 0.0000 2 0.2079 2.3257 0.1092 0.2967 0.0591 0.0291
60.0000 171.5664 1 80.0000 0.0000 2 0.2014 1.9804 0.0933 0.3104 0.0657 0.0228
60.0000 171.5664 1 80.0000 0.0000 2 0.2087 2.1977 0.1282 0.2652 0.0577 0.0447
60.0000 171.5664 1 80.0000 0.0000 2 0.1924 1.9459 0.1259 0.3081 0.0686 0.0564
60.0000 171.5664 1 80.0000 0.0000 2 0.2050 2.0217 0.1119 0.3187 0.0522 0.0570
60.0000 171.5664 1 80.0000 0.0000 2 0.1956 2.0945 0.1116 0.3039 0.0624 0.0586
60.0000 171.5664 1 80.0000 0.0000 2 0.1911 2.1067 0.1003 0.3148 0.0572 0.0574
60.0000 171.5664 1 80.0000 0.0000 2 0.1853 2.1522 0.1021 0.3112 0.0660 0.0522
60.0000 171.5664 1 80.0000 0.0000 2 0.1937 2.0973 0.1081 0.2899 0.0688 0.0439
60.0000 171.5664 1 80.0000 0.0000 2 0.2100 2.3198 0.1202 0.2988 0.0707 0.0800
60.0000 171.5664 1 80.0000 0.0000 2 0.2056 1.9923 0.1219 0.3024 0.0567 0.0330
60.0000 171.5664 1 80.0000 0.0000 2 0.1979 2.0174 0.1243 0.2999 0.0665 0.0498
60.0000 171.5664 1 80.0000 0.0000 2 0.2011 2.0400 0.1229 0.3066 0.0548 0.0415
60.0000 171.5664 1 80.0000 0.0000 2 0.2142 2.0013 0.1091 0.3138 0.0632 0.0405
60.0000 171.5664 1 80.0000 0.0000 2 0.1835 2.1771 0.1032 0.2943 0.0674 0.0503
60.0000 171.5664 1 80.0000 0.0000 2 0.1907 2.1098 0.1209 0.3172 0.0599 0.0374
60.0000 171.5664 1 80.0000 0.0000 2 0.1993 1.9152 0.1127 0.2886 0.0563 0.0536
60.0000 171.5664 1 80.0000 0.0000 2 0.2103 2.0473 0.1059 0.2959 0.0593 0.0471
60.0000 171.5664 1 80.0000 0.0000 2 0.1974 2.2311 0.1017 0.3123 0.0647 0.0615
60.0000 171.5664 1 80.0000 0.0000 2 0.2075 2.1463 0.1198 0.3399 0.0638 0.0342
60.0000 171.5664 1 80.0000 0.0000 2 0.2196 2.1844 0.1157 0.3295 0.0620 0.0664
60.0000 171.5664 1 80.0000 0.0000 2 0.1942 2.0805 0.1151 0.2699 0.0614 0.0442
60.0000 171.5664 1 80.0000 0.0000 2 0.1989 2.0772 0.1101 0.2983 0.0605 0.0518
60.0000 171.5664 1 80.0000 0.0000 2 0.1869 1.9307 0.1186 0.2861 0.0483 0.0462
60.0000 171.5664 1 80.0000 0.0000 2 0.2126 2.0556 0.1042 0.3215 0.0603 0.0648
60.0000 171.5664 1 80.0000 0.0000 2 0.1932 2.0576 0.1075 0.2907 0.0666 0.0317
60.0000 171.5664 1 80.0000 0.0000 2 0.1896 2.1686 0.0986 0.2947 0.0641 0.0391
60.0000 171.5664 1 80.0000 0.0000 2 0.1747 2.1399 0.1161 0.3044 0.0649 0.0550
60.0000 171.5664 1 80.0000 0.0000 2 0.1860 2.1269 0.1079 0.2849 0.0752 0.0456
60.0000 171.5664 1 80.0000 0.0000 2 0.1982 2.0310 0.1138 0.2805 0.0586 0.0491
60.0000 171.5664 1 80.0000 0.0000 2 0.2002 2.2122 0.1045 0.3017 0.0635 0.0467
