60.0000 169.3781 1 80.0000 0.0000 2 0.0663 4.1993 0.2049 -0.0466 0.0552 0.0057
60.0000 169.3781 1 80.0000 0.0000 2 0.0329 4.3810 0.2075 0.0533 0.0426 0.0181
60.0000 169.3781 1 80.0000 0.0000 2 0.0566 4.2618 0.2181 -0.0576 0.0485 0.0175
60.0000 169.3781 1 80.0000 0.0000 2 0.0781 4.2359 0.1915 0.0469 0.0507 0.0119
60.0000 169.3781 1 80.0000 0.0000 2 0.0878 4.3833 0.2117 -0.0034 0.0337 0.0102
60.0000 169.3781 1 80.0000 0.0000 2 0.1113 4.3632 0.1868 0.0216 0.0332 -0.0044
60.0000 169.3781 1 80.0000 0.0000 2 0.0196 4.2269 0.1947 0.1122 0.0312 0.0104
60.0000 169.3781 1 80.0000 0.0000 2 0.0644 4.1675 0.2018 0.0165 0.0523 0.0087
60.0000 169.3781 1 80.0000 0.0000 2 0.0512 4.2057 0.2092 -0.0231 0.0399 -0.0002
60.0000 169.3781 1 80.0000 0.0000 2 0.1319 4.2298 0.2091 0.0817 0.0808 -0.0069
60.0000 169.3781 1 80.0000 0.0000 2 0.0904 4.2932 0.1960 -0.0393 0.0437 0.0040
60.0000 169.3781 1 80.0000 0.0000 2 0.1292 4.2898 0.1876 -0.0159 0.0468 -0.0089
60.0000 169.3781 1 80.0000 0.0000 2 0.0924 4.2985 0.2103 -0.1020 0.0372 0.0113
60.0000 169.3781 1 80.0000 0.0000 2 0.0673 4.0280 0.1841 0.0635 0.0675 0.0079
60.0000 169.3781 1 80.0000 0.0000 2 0.1072 4.4466 0.2001 0.1543 0.0544 0.0047
60.0000 169.3781 1 80.0000 0.0000 2 0.0952 4.3207 0.2054 0.0743 0.0516 0.0082
60.0000 169.3781 1 80.0000 0.0000 2 0.0804 4.3355 0.1994 0.0048 0.0566 -0.0000
60.0000 169.3781 1 80.0000 0.0000 2 0.0969 4.4908 0.1917 0.0388 0.0304 0.0065
60.0000 169.3781 1 80.0000 0.0000 2 0.1102 4.2504 0.2170 0.0344 0.0459 0.0095
60.0000 169.3781 1 80.0000 0.0000 2 0.0419 4.3587 0.2136 0.1461 0.0479 0.0009
60.0000 169.3781 1 80.0000 0.0000 2 0.0848 4.3233 0.1856 -0.0058 0.0580 0.0142
60.0000 169.3781 1 80.0000 0.0000 2 0.0811 4.3138 0.1799 0.0985 0.0557 0.0060
60.0000 169.3781 1 80.0000 0.0000 2 0.0739 4.2845 0.1904 -0.0251 0.0648 0.0136
60.0000 169.3781 1 80.0000 0.0000 2 0.0486 4.4607 0.1885 -0.0813 0.0628 -0.0059
60.0000 169.3781 1 80.0000 0.0000 2 0.1023 4.3967 0.2060 0.0552 0.0699 0.0108
60.0000 169.3781 1 80.0000 0.0000 2 0.0981 4.3083 0.1701 0.0496 0.0474 -0.0144
60.0000 169.3781 1 80.0000 0.0000 2 0.1026 4.3313 0.1992 0.1048 0.0425 0.0261
60.0000 169.3781 1 80.0000 0.0000 2 0.0946 4.1487 0.2069 0.0860 0.0378 0.0034
60.0000 169.3781 1 80.0000 0.0000 2 0.0731 4.3521 0.1970 0.0613 0.0498 0.0090
60.0000 169.3781 1 80.0000 0.0000 2 0.0465 4.1605 0.1931 0.0668 0.0600 0.0168
60.0000 169.3781 1 80.0000 0.0000 2 0.1162 4.1848 0.1954 -0.0660 0.0584 0.0023
60.0000 169.3781 1 80.0000 0.0000 2 0.0692 4.1326 0.2025 0.1872 0.0392 0.0150
60.0000 169.3781 1 80.0000 0.0000 2 0.0593 4.2741 0.2033 0.0286 0.0276 0.0021
60.0000 169.3781 1 80.0000 0.0000 2 0.0753 4.3715 0.2008 0.0094 0.0365 -0.0009
60.0000 169.3781 1 80.0000 0.0000 2 0.0869 4.3467 0.1756 -0.0141 0.0453 0.0124
60.0000 169.3781 1 80.0000 0.0000 2 0.0833 4.2689 0.1965 0.0402 0.0494 0.0038
60.0000 169.3781 1 80.0000 0.0000 2 0.0841 4.4032 0.2265 0.0010 0.0351 0.0050
60.0000 169.3781 1 80.0000 0.0000 2 0.1220 4.2568 0.1851 -0.0309 0.0405 -0.0017
60.0000 169.3781 1 80.0000 0.0000 2 0.0998 4.3428 0.1983 0.1156 0.0680 -0.0031
60.0000 169.3781 1 80.0000 0.0000 2 0.0551 4.1830 0.2038 0.0448 0.0413 0.0074
60.0000 169.3781 1 80.0000 0.0000 2 0.1061 4.2466 0.1828 0.0307 0.0443 0.0192
60.0000 169.3781 1 80.0000 0.0000 2 0.0770 4.4155 0.1923 0.0155 0.0533 -0.0046
60.0000 169.3781 1 80.0000 0.0000 2 0.0919 4.5258 0.1941 0.1235 0.0151 0.0208
60.0000 169.3781 1 80.0000 0.0000 2 0.0721 4.4336 0.2024 0.0694 0.0730 0.0133
60.0000 169.3781 1 80.0000 0.0000 2 0.0631 4.1029 0.2235 0.0913 0.0618 -0.0023
60.0000 169.3781 1 80.0000 0.0000 2 0.0893 4.2162 0.1793 0.0775 0.0640 0.0027
60.0000 169.3781 1 80.0000 0.0000 2 0.0788 4.2215 0.2128 0.1330 0.0532 0.0154
60.0000 169.3781 1 80.0000 0.0000 2 0.0605 4.3012 0.1977 0.0241 0.0206 0.0014
60.0000 169.3781 1 80.0000 0.0000 2 0.0617 4.2789 0.2156 0.0098 0.0598 0.0226
60.0000 169.3781 1 80.0000 0.0000 2 0.0707 4.4219 0.1894 0.0941 0.0247 0.0067
