60.0000 167.7681 1 80.0000 0.0000 2 0.1168 2.1839 0.4977 0.1878 0.0573 0.0316
60.0000 167.7681 1 80.0000 0.0000 2 0.1094 2.0893 0.5769 0.1992 0.0517 0.0360
60.0000 167.7681 1 80.0000 0.0000 2 0.1176 2.1677 0.5188 0.2117 0.0399 0.0392
60.0000 167.7681 1 80.0000 0.0000 2 0.1216 2.1487 0.5304 0.1851 0.0392 0.0218
60.0000 167.7681 1 80.0000 0.0000 2 0.1175 2.1062 0.5201 0.1894 0.0562 0.0162
60.0000 167.7681 1 80.0000 0.0000 2 0.1207 2.1979 0.5043 0.2081 0.0329 0.0190
60.0000 167.7681 1 80.0000 0.0000 2 0.1083 2.2309 0.5456 0.1762 0.0535 0.0328
60.0000 167.7681 1 80.0000 0.0000 2 0.1139 2.2919 0.5315 0.2032 0.0520 0.0159
60.0000 167.7681 1 80.0000 0.0000 2 0.1247 2.1653 0.5872 0.1966 0.0458 0.0211
60.0000 167.7681 1 80.0000 0.0000 2 0.1187 2.1822 0.5487 0.1721 0.0428 0.0077
60.0000 167.7681 1 80.0000 0.0000 2 0.1362 2.2096 0.5248 0.1516 0.0544 0.0430
60.0000 167.7681 1 80.0000 0.0000 2 0.1161 2.1313 0.5329 0.1957 0.0467 0.0271
60.0000 167.7681 1 80.0000 0.0000 2 0.1240 2.1942 0.5139 0.2366 0.0496 0.0291
60.0000 167.7681 1 80.0000 0.0000 2 0.1155 2.1601 0.5357 0.1922 0.0438 0.0037
60.0000 167.7681 1 80.0000 0.0000 2 0.1146 2.1193 0.5623 0.1928 0.0375 0.0327
60.0000 167.7681 1 80.0000 0.0000 2 0.1184 2.2565 0.5476 0.1837 0.0499 0.0296
60.0000 167.7681 1 80.0000 0.0000 2 0.1142 2.1378 0.5586 0.1975 0.0528 0.0374
60.0000 167.7681 1 80.0000 0.0000 2 0.1195 2.1986 0.5121 0.1898 0.0457 0.0239
60.0000 167.7681 1 80.0000 0.0000 2 0.1211 2.1768 0.5577 0.1727 0.0438 0.0176
60.0000 167.7681 1 80.0000 0.0000 2 0.1208 2.1182 0.5387 0.1995 0.0484 0.0353
60.0000 167.7681 1 80.0000 0.0000 2 0.1173 2.3136 0.5413 0.2021 0.0342 0.0143
60.0000 167.7681 1 80.0000 0.0000 2 0.1189 2.0685 0.5649 0.1972 0.0610 0.0251
60.0000 167.7681 1 80.0000 0.0000 2 0.1148 2.1715 0.5605 0.1981 0.0541 0.0107
60.0000 167.7681 1 80.0000 0.0000 2 0.1165 2.2438 0.5260 0.1785 0.0417 0.0233
60.0000 167.7681 1 80.0000 0.0000 2 0.1255 2.2202 0.5184 0.1938 0.0524 0.0259
60.0000 167.7681 1 80.0000 0.0000 2 0.1267 2.2247 0.5400 0.2129 0.0430 0.0045
60.0000 167.7681 1 80.0000 0.0000 2 0.1233 2.2808 0.5428 0.2106 0.0490 0.0135
60.0000 167.7681 1 80.0000 0.0000 2 0.1203 2.1890 0.5343 0.2063 0.0513 0.0425
60.0000 167.7681 1 80.0000 0.0000 2 0.1114 2.2350 0.5292 0.2011 0.0449 0.0402
60.0000 167.7681 1 80.0000 0.0000 2 0.1165 2.1105 0.5001 0.2168 0.0381 0.0341
60.0000 167.7681 1 80.0000 0.0000 2 0.1200 2.1336 0.5160 0.2087 0.0488 0.0306
60.0000 167.7681 1 80.0000 0.0000 2 0.1197 2.1023 0.5720 0.1913 0.0554 -0.0012
60.0000 167.7681 1 80.0000 0.0000 2 0.1133 2.0379 0.5531 0.1905 0.0625 0.0301
60.0000 167.7681 1 80.0000 0.0000 2 0.1224 2.2109 0.5109 0.2213 0.0472 0.0484
60.0000 167.7681 1 80.0000 0.0000 2 0.1280 2.2516 0.5436 0.1943 0.0508 0.0222
60.0000 167.7681 1 80.0000 0.0000 2 0.1103 2.1477 0.5496 0.1825 0.0470 0.0226
60.0000 167.7681 1 80.0000 0.0000 2 0.1137 2.2662 0.4802 0.1803 0.0481 0.0121
60.0000 167.7681 1 80.0000 0.0000 2 0.1231 2.3300 0.5549 0.1882 0.0362 0.0370
60.0000 167.7681 1 80.0000 0.0000 2 0.1116 2.0943 0.5225 0.1860 0.0420 0.0182
60.0000 167.7681 1 80.0000 0.0000 2 0.1129 2.1632 0.5274 0.2146 0.0503 0.0280
60.0000 167.7681 1 80.0000 0.0000 2 0.1227 2.2032 0.5329 0.1817 0.0413 0.0099
60.0000 167.7681 1 80.0000 0.0000 2 0.1159 2.0591 0.5081 0.2007 0.0444 -0.0023
60.0000 167.7681 1 80.0000 0.0000 2 0.1180 1.9766 0.5376 0.1863 0.0407 0.0610
60.0000 167.7681 1 80.0000 0.0000 2 0.1192 2.2709 0.5233 0.2070 0.0578 0.0265
60.0000 167.7681 1 80.0000 0.0000 2 0.1182 2.1416 0.5369 0.2204 0.0556 0.0201
60.0000 167.7681 1 80.0000 0.0000 2 0.1067 2.0758 0.5564 0.2030 0.0506 0.0256
60.0000 167.7681 1 80.0000 0.0000 2 0.1242 2.0434 0.5697 0.2050 0.0477 0.0092
60.0000 167.7681 1 80.0000 0.0000 2 0.1218 2.1258 0.5520 0.1949 0.0463 0.0196
60.0000 167.7681 1 80.0000 0.0000 2 0.1123 2.1540 0.5806 0.2040 0.0453 0.0150
60.0000 167.7681 1 80.0000 0.0000 2 0.1151 2.2160 0.5462 0.2099 0.0591 0.0456
