60.0000 175.8141 1 80.0000 0.0000 2 0.1417 3.1704 2.4878 0.1708 0.1729 0.0713
60.0000 175.8141 1 80.0000 0.0000 2 0.1664 3.2153 2.4280 0.1757 0.1642 0.0782
60.0000 175.8141 1 80.0000 0.0000 2 0.1489 3.2311 2.4768 0.1948 0.1771 0.0864
60.0000 175.8141 1 80.0000 0.0000 2 0.1524 3.1426 2.4664 0.1763 0.1768 0.0755
60.0000 175.8141 1 80.0000 0.0000 2 0.1493 3.2892 2.4742 0.1768 0.1778 0.0744
60.0000 175.8141 1 80.0000 0.0000 2 0.1531 3.2630 2.4792 0.1677 0.1804 0.0807
60.0000 175.8141 1 80.0000 0.0000 2 0.1557 3.1636 2.4630 0.1914 0.1691 0.0812
60.0000 175.8141 1 80.0000 0.0000 2 0.1546 3.1502 2.5062 0.1855 0.1595 0.0752
60.0000 175.8141 1 80.0000 0.0000 2 0.1498 3.2185 2.5059 0.1899 0.1715 0.0872
60.0000 175.8141 1 80.0000 0.0000 2 0.1529 3.2097 2.4484 0.1838 0.1582 0.0757
60.0000 175.8141 1 80.0000 0.0000 2 0.1473 3.1951 2.4404 0.1731 0.1720 0.0685
60.0000 175.8141 1 80.0000 0.0000 2 0.1563 3.2927 2.4822 0.1813 0.1811 0.0772
60.0000 175.8141 1 80.0000 0.0000 2 0.1444 3.1642 2.4715 0.1751 0.1731 0.0814
60.0000 175.8141 1 80.0000 0.0000 2 0.1482 3.1778 2.5127 0.1720 0.1911 0.0842
60.0000 175.8141 1 80.0000 0.0000 2 0.1561 3.1332 2.4896 0.1712 0.1667 0.0805
60.0000 175.8141 1 80.0000 0.0000 2 0.1598 3.0737 2.4732 0.1741 0.1556 0.0904
60.0000 175.8141 1 80.0000 0.0000 2 0.1460 3.3197 2.3880 0.1787 0.1790 0.0857
60.0000 175.8141 1 80.0000 0.0000 2 0.1639 3.2442 2.4836 0.1823 0.1860 0.0847
60.0000 175.8141 1 80.0000 0.0000 2 0.1552 3.1821 2.4545 0.1725 0.1764 0.0884
60.0000 175.8141 1 80.0000 0.0000 2 0.1495 3.1852 2.4377 0.1738 0.1814 0.0798
60.0000 175.8141 1 80.0000 0.0000 2 0.1464 3.2387 2.4911 0.1746 0.1654 0.0680
60.0000 175.8141 1 80.0000 0.0000 2 0.1585 3.3004 2.5111 0.1780 0.1842 0.0832
60.0000 175.8141 1 80.0000 0.0000 2 0.1569 3.2010 2.4679 0.1634 0.1735 0.0802
60.0000 175.8141 1 80.0000 0.0000 2 0.1519 3.1740 2.5303 0.1655 0.1565 0.0824
60.0000 175.8141 1 80.0000 0.0000 2 0.1589 3.0943 2.5361 0.1880 0.1848 0.0876
60.0000 175.8141 1 80.0000 0.0000 2 0.1567 3.1585 2.5200 0.1781 0.1755 0.0841
60.0000 175.8141 1 80.0000 0.0000 2 0.1629 3.0608 2.4611 0.1772 0.1797 0.0793
60.0000 175.8141 1 80.0000 0.0000 2 0.1537 3.1126 2.5013 0.1807 0.1753 0.0852
60.0000 175.8141 1 80.0000 0.0000 2 0.1502 3.1484 2.4175 0.1847 0.1826 0.0790
60.0000 175.8141 1 80.0000 0.0000 2 0.1533 3.2746 2.4971 0.1654 0.1499 0.0734
60.0000 175.8141 1 80.0000 0.0000 2 0.1514 3.2838 2.4357 0.1862 0.1645 0.0746
60.0000 175.8141 1 80.0000 0.0000 2 0.1540 3.3357 2.5031 0.1626 0.1708 0.0780
60.0000 175.8141 1 80.0000 0.0000 2 0.1613 3.2540 2.4980 0.1834 0.1747 0.0774
60.0000 175.8141 1 80.0000 0.0000 2 0.1543 3.1908 2.4553 0.1688 0.1676 0.0762
60.0000 175.8141 1 80.0000 0.0000 2 0.1509 3.3160 2.5694 0.1804 0.1612 0.0831
60.0000 175.8141 1 80.0000 0.0000 2 0.1599 3.2670 2.4288 0.1755 0.1662 0.0785
60.0000 175.8141 1 80.0000 0.0000 2 0.1580 3.2362 2.4586 0.1798 0.1709 0.0767
60.0000 175.8141 1 80.0000 0.0000 2 0.1683 3.2117 2.4603 0.1693 0.1687 0.0720
60.0000 175.8141 1 80.0000 0.0000 2 0.1516 3.1968 2.4511 0.1667 0.1865 0.0913
60.0000 175.8141 1 80.0000 0.0000 2 0.1607 3.2503 2.4808 0.1695 0.1786 0.0778
60.0000 175.8141 1 80.0000 0.0000 2 0.1577 3.1016 2.4452 0.1721 0.2044 0.0788
60.0000 175.8141 1 80.0000 0.0000 2 0.1549 3.2049 2.4470 0.1702 0.1632 0.0820
60.0000 175.8141 1 80.0000 0.0000 2 0.1572 3.3699 2.5232 0.1672 0.1828 0.0827
60.0000 175.8141 1 80.0000 0.0000 2 0.1506 3.2267 2.5153 0.1502 0.1693 0.0728
60.0000 175.8141 1 80.0000 0.0000 2 0.1591 3.1249 2.4643 0.1875 0.1885 0.0736
60.0000 175.8141 1 80.0000 0.0000 2 0.1625 3.0223 2.4702 0.1608 0.1670 0.0765
60.0000 175.8141 1 80.0000 0.0000 2 0.1614 3.1164 2.4931 0.1642 0.1700 0.0835
60.0000 175.8141 1 80.0000 0.0000 2 0.1437 3.1384 2.4946 0.1792 0.1623 0.0818
60.0000 175.8141 1 80.0000 0.0000 2 0.1477 3.2248 2.4865 0.1573 0.1743 0.0708
60.0000 175.8141 1 80.0000 0.0000 2 0.1554 3.2597 2.4781 0.1820 0.1903 0.0800
