60.0000 177.1481 1 80.0000 0.0000 2 0.1715 3.6418 0.8665 0.1164 0.1281 0.0900
60.0000 177.1481 1 80.0000 0.0000 2 0.1634 3.7579 0.8898 0.1231 0.1263 0.0732
60.0000 177.1481 1 80.0000 0.0000 2 0.1605 3.6892 0.9001 0.1206 0.1458 0.0713
60.0000 177.1481 1 80.0000 0.0000 2 0.1722 3.5952 0.8787 0.1704 0.1395 0.0917
60.0000 177.1481 1 80.0000 0.0000 2 0.1578 3.7798 0.9077 0.1440 0.1451 0.0542
60.0000 177.1481 1 80.0000 0.0000 2 0.1624 3.8508 0.8797 0.1042 0.1325 0.0607
60.0000 177.1481 1 80.0000 0.0000 2 0.1591 3.6038 0.8866 0.0915 0.1218 0.0802
60.0000 177.1481 1 80.0000 0.0000 2 0.1733 3.8189 0.8613 0.1134 0.1674 0.0532
60.0000 177.1481 1 80.0000 0.0000 2 0.1643 3.6379 0.9267 0.1118 0.1413 0.0873
60.0000 177.1481 1 80.0000 0.0000 2 0.1581 3.6948 0.8578 0.1251 0.1363 0.0760
60.0000 177.1481 1 80.0000 0.0000 2 0.1654 3.6669 0.8423 0.1376 0.1402 0.0723
60.0000 177.1481 1 80.0000 0.0000 2 0.1535 3.7319 0.9148 0.0968 0.1352 0.0771
60.0000 177.1481 1 80.0000 0.0000 2 0.1491 3.6498 0.8706 0.1085 0.1545 0.0922
60.0000 177.1481 1 80.0000 0.0000 2 0.1660 3.8157 0.9041 0.1462 0.1193 0.0642
60.0000 177.1481 1 80.0000 0.0000 2 0.1586 3.6642 0.8853 0.1742 0.1563 0.1048
60.0000 177.1481 1 80.0000 0.0000 2 0.1559 3.7443 0.8966 0.1515 0.1515 0.0815
60.0000 177.1481 1 80.0000 0.0000 2 0.1608 3.6275 0.8888 0.1390 0.1313 0.0710
60.0000 177.1481 1 80.0000 0.0000 2 0.1540 3.5680 0.8701 0.1305 0.1433 0.0798
60.0000 177.1481 1 80.0000 0.0000 2 0.1744 3.4777 0.8516 0.1235 0.1323 0.0835
60.0000 177.1481 1 80.0000 0.0000 2 0.1751 3.7062 0.8851 0.1367 0.1622 0.0559
60.0000 177.1481 1 80.0000 0.0000 2 0.1512 3.7229 0.8350 0.1399 0.1257 0.0747
60.0000 177.1481 1 80.0000 0.0000 2 0.1667 3.6798 0.8592 0.1642 0.1383 0.0752
60.0000 177.1481 1 80.0000 0.0000 2 0.1570 3.6460 0.8953 0.1337 0.1415 0.0597
60.0000 177.1481 1 80.0000 0.0000 2 0.1617 3.6133 0.8676 0.1267 0.1169 0.0499
60.0000 177.1481 1 80.0000 0.0000 2 0.1612 3.7503 0.8688 0.1618 0.1430 0.0683
60.0000 177.1481 1 80.0000 0.0000 2 0.1568 3.6334 0.8650 0.1176 0.1473 0.0581
60.0000 177.1481 1 80.0000 0.0000 2 0.1548 3.6082 0.8476 0.1349 0.1380 0.0728
60.0000 177.1481 1 80.0000 0.0000 2 0.1772 3.7293 0.8534 0.1466 0.1276 0.0703
60.0000 177.1481 1 80.0000 0.0000 2 0.1639 3.5823 0.8508 0.1413 0.1598 0.0632
60.0000 177.1481 1 80.0000 0.0000 2 0.1680 3.8586 0.8764 0.1294 0.1736 0.0791
60.0000 177.1481 1 80.0000 0.0000 2 0.1803 3.6763 0.8927 0.1576 0.1184 0.0619
60.0000 177.1481 1 80.0000 0.0000 2 0.1478 3.6973 0.8636 0.1550 0.1477 0.0781
60.0000 177.1481 1 80.0000 0.0000 2 0.1401 3.5260 0.8821 0.1489 0.1521 0.0808
60.0000 177.1481 1 80.0000 0.0000 2 0.1689 3.7197 0.8748 0.1304 0.1370 0.0855
60.0000 177.1481 1 80.0000 0.0000 2 0.1600 3.7544 0.8829 0.1496 0.1535 0.0653
60.0000 177.1481 1 80.0000 0.0000 2 0.1553 3.7401 0.9013 0.1098 0.1648 0.0994
60.0000 177.1481 1 80.0000 0.0000 2 0.1622 3.6578 0.8246 0.1427 0.1572 0.0453
60.0000 177.1481 1 80.0000 0.0000 2 0.1707 3.7884 0.8778 0.1524 0.1229 0.0667
60.0000 177.1481 1 80.0000 0.0000 2 0.1561 3.5800 0.8913 0.1052 0.1491 0.0824
60.0000 177.1481 1 80.0000 0.0000 2 0.1597 3.7116 0.8738 0.1195 0.1302 0.0674
60.0000 177.1481 1 80.0000 0.0000 2 0.1683 3.7035 0.8554 0.1433 0.1442 0.0880
60.0000 177.1481 1 80.0000 0.0000 2 0.1645 3.5480 0.8569 0.1580 0.1297 0.0953
60.0000 177.1481 1 80.0000 0.0000 2 0.1505 3.7968 0.8736 0.1334 0.1238 0.0860
60.0000 177.1481 1 80.0000 0.0000 2 0.1462 3.6746 0.8414 0.1323 0.1110 0.0659
60.0000 177.1481 1 80.0000 0.0000 2 0.1670 3.7775 0.8813 0.0986 0.1040 0.0744
60.0000 177.1481 1 80.0000 0.0000 2 0.1628 3.7160 0.8607 0.1264 0.1342 0.0839
60.0000 177.1481 1 80.0000 0.0000 2 0.1695 3.6618 0.8321 0.1355 0.1095 0.0773
60.0000 177.1481 1 80.0000 0.0000 2 0.1652 3.6202 0.8628 0.1154 0.1337 0.0609
60.0000 177.1481 1 80.0000 0.0000 2 0.1674 3.7682 0.8461 0.1277 0.1136 0.0691
60.0000 177.1481 1 80.0000 0.0000 2 0.1526 3.6861 0.8717 0.1213 0.1502 0.0694
