60.0000 176.7771 1 80.0000 0.0000 2 0.0950 4.0319 0.3391 0.2882 0.0745 0.0104
60.0000 176.7771 1 80.0000 0.0000 2 0.1173 4.1500 0.3192 0.1925 0.0531 0.0398
60.0000 176.7771 1 80.0000 0.0000 2 0.1078 4.1515 0.3483 0.1499 0.0614 0.0229
60.0000 176.7771 1 80.0000 0.0000 2 0.1509 4.0006 0.3468 0.2103 0.0796 0.0365
60.0000 176.7771 1 80.0000 0.0000 2 0.1414 3.9504 0.3108 0.1905 0.0649 0.0083
60.0000 176.7771 1 80.0000 0.0000 2 0.0908 4.0205 0.3051 0.1234 0.0628 0.0209
60.0000 176.7771 1 80.0000 0.0000 2 0.1326 4.1604 0.3132 0.1406 0.0621 0.0421
60.0000 176.7771 1 80.0000 0.0000 2 0.1292 4.0671 0.3289 0.0825 0.0660 0.0262
60.0000 176.7771 1 80.0000 0.0000 2 0.0621 4.0749 0.3309 0.2136 0.0640 0.0029
60.0000 176.7771 1 80.0000 0.0000 2 0.1184 4.0556 0.3412 0.1384 0.0495 0.0412
60.0000 176.7771 1 80.0000 0.0000 2 0.1615 4.1216 0.3324 0.1262 0.0542 0.0389
60.0000 176.7771 1 80.0000 0.0000 2 0.1530 4.0100 0.3277 0.1740 0.0612 0.0269
60.0000 176.7771 1 80.0000 0.0000 2 0.1080 4.1827 0.3287 0.1422 0.0538 0.0317
60.0000 176.7771 1 80.0000 0.0000 2 0.1492 4.0314 0.3427 0.1799 0.0528 0.0273
60.0000 176.7771 1 80.0000 0.0000 2 0.1045 4.1170 0.3211 0.0372 0.0455 0.0222
60.0000 176.7771 1 80.0000 0.0000 2 0.1145 4.0456 0.3011 0.1196 0.0555 0.0143
60.0000 176.7771 1 80.0000 0.0000 2 0.1459 4.0385 0.3176 0.1868 0.0679 0.0383
60.0000 176.7771 1 80.0000 0.0000 2 0.1197 4.2257 0.3258 0.1554 0.0636 0.0303
60.0000 176.7771 1 80.0000 0.0000 2 0.1131 4.2469 0.3354 0.1522 0.0371 0.0452
60.0000 176.7771 1 80.0000 0.0000 2 0.1110 4.0890 0.3452 0.1779 0.0726 0.0312
60.0000 176.7771 1 80.0000 0.0000 2 0.1303 3.9893 0.3525 0.1597 0.0703 0.0193
60.0000 176.7771 1 80.0000 0.0000 2 0.1342 4.1056 0.3298 0.1096 0.0594 0.0178
60.0000 176.7771 1 80.0000 0.0000 2 0.1374 4.3259 0.3366 0.1545 0.0586 0.0158
60.0000 176.7771 1 80.0000 0.0000 2 0.1365 3.8938 0.3227 0.1287 0.0566 0.0358
60.0000 176.7771 1 80.0000 0.0000 2 0.1880 3.9285 0.3188 0.1695 0.0607 0.0172
60.0000 176.7771 1 80.0000 0.0000 2 0.1213 4.0963 0.3400 0.1644 0.0683 0.0162
60.0000 176.7771 1 80.0000 0.0000 2 0.1330 4.1029 0.3120 0.1630 0.0561 0.0346
60.0000 176.7771 1 80.0000 0.0000 2 0.1252 4.1409 0.3439 0.1122 0.0414 0.0319
60.0000 176.7771 1 80.0000 0.0000 2 0.1726 4.0642 0.2951 0.1357 0.0656 0.0572
60.0000 176.7771 1 80.0000 0.0000 2 0.1701 3.9218 0.3077 0.1057 0.0601 0.0249
60.0000 176.7771 1 80.0000 0.0000 2 0.1240 3.9718 0.3217 0.1822 0.0775 0.0202
60.0000 176.7771 1 80.0000 0.0000 2 0.1390 3.8022 0.3699 0.2442 0.0644 0.0241
60.0000 176.7771 1 80.0000 0.0000 2 0.0979 4.1732 0.2914 0.0934 0.0713 0.0497
60.0000 176.7771 1 80.0000 0.0000 2 0.0993 4.1340 0.3236 0.1462 0.0594 0.0367
60.0000 176.7771 1 80.0000 0.0000 2 0.1430 4.1647 0.3268 0.2245 0.0670 0.0343
60.0000 176.7771 1 80.0000 0.0000 2 0.1009 4.0937 0.3140 0.2060 0.0513 0.0330
60.0000 176.7771 1 80.0000 0.0000 2 0.1465 3.9628 0.3060 0.1733 0.0669 0.0054
60.0000 176.7771 1 80.0000 0.0000 2 0.1228 4.0595 0.3154 0.0702 0.0503 0.0288
60.0000 176.7771 1 80.0000 0.0000 2 0.1555 4.0785 0.3090 0.1581 0.0485 0.0251
60.0000 176.7771 1 80.0000 0.0000 2 0.1654 4.0044 0.3357 0.1329 0.0707 0.0115
60.0000 176.7771 1 80.0000 0.0000 2 0.0865 4.1926 0.3501 0.1170 0.0576 0.0442
60.0000 176.7771 1 80.0000 0.0000 2 0.1278 4.0209 0.3205 0.0806 0.0632 0.0129
60.0000 176.7771 1 80.0000 0.0000 2 0.0784 4.2103 0.3253 0.0962 0.0823 0.0256
60.0000 176.7771 1 80.0000 0.0000 2 0.1042 4.0519 0.3340 0.1968 0.0516 0.0237
60.0000 176.7771 1 80.0000 0.0000 2 0.1405 4.0830 0.3314 0.0991 0.0550 0.0295
60.0000 176.7771 1 80.0000 0.0000 2 0.1565 4.1266 0.3165 0.2226 0.0580 0.0190
60.0000 176.7771 1 80.0000 0.0000 2 0.1271 4.1149 0.3597 0.1435 0.0573 0.0214
60.0000 176.7771 1 80.0000 0.0000 2 0.0853 4.2127 0.3247 0.1671 0.0731 0.0293
60.0000 176.7771 1 80.0000 0.0000 2 0.1156 3.9860 0.3332 0.2017 0.0462 0.0280
60.0000 176.7771 1 80.0000 0.0000 2 0.1112 3.9761 0.3382 0.1226 0.0695 0.0333
