60.0000 176.0075 1 80.0000 0.0000 2 0.0823 4.0675 0.2682 0.0899 0.0325 0.0142
60.0000 176.0075 1 80.0000 0.0000 2 0.0904 4.0765 0.2775 0.1996 0.0465 0.0188
60.0000 176.0075 1 80.0000 0.0000 2 0.0747 4.1604 0.2720 0.2575 0.0569 0.0181
60.0000 176.0075 1 80.0000 0.0000 2 0.0675 4.1609 0.2655 0.1770 0.0396 0.0154
60.0000 176.0075 1 80.0000 0.0000 2 0.0766 4.3191 0.2878 0.1317 0.0436 0.0043
60.0000 176.0075 1 80.0000 0.0000 2 0.0921 4.0302 0.2598 0.2441 0.0415 0.0125
60.0000 176.0075 1 80.0000 0.0000 2 0.0958 4.0880 0.2814 0.2029 0.0595 0.0088
60.0000 176.0075 1 80.0000 0.0000 2 0.0994 4.0189 0.2612 0.2186 0.0481 0.0208
60.0000 176.0075 1 80.0000 0.0000 2 0.1079 3.8922 0.2982 0.1974 0.0503 0.0019
60.0000 176.0075 1 80.0000 0.0000 2 0.0839 4.1333 0.2546 0.2075 0.0473 0.0103
60.0000 176.0075 1 80.0000 0.0000 2 0.0944 4.1842 0.2670 0.1620 0.0508 0.0094
60.0000 176.0075 1 80.0000 0.0000 2 0.1069 4.0245 0.2634 0.1540 0.0444 0.0114
60.0000 176.0075 1 80.0000 0.0000 2 0.1278 4.1763 0.2494 0.1439 0.0370 0.0050
60.0000 176.0075 1 80.0000 0.0000 2 0.0802 4.1120 0.2522 0.2339 0.0427 0.0092
60.0000 176.0075 1 80.0000 0.0000 2 0.1151 4.1388 0.2709 0.1881 0.0653 0.0116
60.0000 176.0075 1 80.0000 0.0000 2 0.1106 4.1182 0.2480 0.2148 0.0519 0.0179
60.0000 176.0075 1 80.0000 0.0000 2 0.0853 3.9073 0.2648 0.2452 0.0562 0.0123
60.0000 176.0075 1 80.0000 0.0000 2 0.1408 4.0961 0.2624 0.2969 0.0377 0.0132
60.0000 176.0075 1 80.0000 0.0000 2 0.0539 4.0517 0.2697 0.2521 0.0572 0.0301
60.0000 176.0075 1 80.0000 0.0000 2 0.1176 4.1691 0.2722 0.2086 0.0549 0.0109
60.0000 176.0075 1 80.0000 0.0000 2 0.1217 4.2373 0.2659 0.2284 0.0349 0.0213
60.0000 176.0075 1 80.0000 0.0000 2 0.1330 3.9470 0.2619 0.1577 0.0450 0.0283
60.0000 176.0075 1 80.0000 0.0000 2 0.1468 3.9972 0.2805 0.1081 0.0461 0.0099
60.0000 176.0075 1 80.0000 0.0000 2 0.0893 4.0854 0.2572 0.1841 0.0440 0.0031
60.0000 176.0075 1 80.0000 0.0000 2 0.1180 4.1462 0.2744 0.2794 0.0389 0.0149
60.0000 176.0075 1 80.0000 0.0000 2 0.0937 4.0565 0.2686 0.1853 0.0430 0.0228
60.0000 176.0075 1 80.0000 0.0000 2 0.0649 4.0455 0.2579 0.2250 0.0515 0.0060
60.0000 176.0075 1 80.0000 0.0000 2 0.1034 4.0653 0.2641 0.1690 0.0474 0.0082
60.0000 176.0075 1 80.0000 0.0000 2 0.1049 4.0802 0.2791 0.2364 0.0511 0.0198
60.0000 176.0075 1 80.0000 0.0000 2 0.0568 4.1513 0.2548 0.2106 0.0540 0.0138
60.0000 176.0075 1 80.0000 0.0000 2 0.1017 4.1009 0.2567 0.1490 0.0541 0.0128
60.0000 176.0075 1 80.0000 0.0000 2 0.1148 4.1968 0.2737 0.1209 0.0525 0.0196
60.0000 176.0075 1 80.0000 0.0000 2 0.1367 3.9932 0.2592 0.1750 0.0451 0.0261
60.0000 176.0075 1 80.0000 0.0000 2 0.1204 4.1220 0.2442 0.1815 0.0532 0.0250
60.0000 176.0075 1 80.0000 0.0000 2 0.0979 4.2028 0.2584 0.3668 0.0531 0.0169
60.0000 176.0075 1 80.0000 0.0000 2 0.1112 4.0079 0.2459 0.1030 0.0403 0.0143
60.0000 176.0075 1 80.0000 0.0000 2 0.0213 4.2140 0.2607 0.1267 0.0494 0.0189
60.0000 176.0075 1 80.0000 0.0000 2 0.1262 4.1072 0.2831 0.1934 0.0505 0.0202
60.0000 176.0075 1 80.0000 0.0000 2 0.0786 4.1238 0.2519 0.1412 0.0488 -0.0067
60.0000 176.0075 1 80.0000 0.0000 2 0.1061 4.2571 0.2359 0.2690 0.0628 0.0240
60.0000 176.0075 1 80.0000 0.0000 2 0.1007 4.1404 0.2398 0.1664 0.0491 0.0220
60.0000 176.0075 1 80.0000 0.0000 2 0.1437 4.3764 0.2753 0.2596 0.0478 0.0160
60.0000 176.0075 1 80.0000 0.0000 2 0.1303 3.9736 0.2666 0.1338 0.0585 0.0273
60.0000 176.0075 1 80.0000 0.0000 2 0.0868 4.2750 0.2556 0.0672 0.0421 0.0073
60.0000 176.0075 1 80.0000 0.0000 2 0.1131 4.2288 0.2478 0.2821 0.0456 0.0234
60.0000 176.0075 1 80.0000 0.0000 2 0.0716 4.1892 0.2537 0.1582 0.0410 0.0152
60.0000 176.0075 1 80.0000 0.0000 2 0.1320 4.0370 0.2428 0.1940 0.0467 0.0167
60.0000 176.0075 1 80.0000 0.0000 2 0.1243 4.2111 0.2760 0.2295 0.0497 0.0173
60.0000 176.0075 1 80.0000 0.0000 2 0.1599 3.9599 0.2512 0.1725 0.0607 0.0164
60.0000 176.0075 1 80.0000 0.0000 2 0.1566 4.2534 0.2690 0.2223 0.0556 0.0066
