60.0000 168.7087 1 80.0000 0.0000 2 0.1771 2.5569 1.8882 0.1392 0.1234 0.0621
60.0000 168.7087 1 80.0000 0.0000 2 0.1618 2.4907 1.9847 0.1875 0.1400 0.0439
60.0000 168.7087 1 80.0000 0.0000 2 0.1646 2.4372 2.1133 0.1368 0.0943 0.0676
60.0000 168.7087 1 80.0000 0.0000 2 0.1716 2.4559 2.0499 0.1746 0.1167 0.0556
60.0000 168.7087 1 80.0000 0.0000 2 0.1527 2.4928 1.8337 0.1505 0.1151 0.0805
60.0000 168.7087 1 80.0000 0.0000 2 0.1441 2.5257 1.9872 0.0902 0.1147 0.0717
60.0000 168.7087 1 80.0000 0.0000 2 0.1925 2.5651 1.9692 0.1622 0.0819 0.0571
60.0000 168.7087 1 80.0000 0.0000 2 0.1576 2.6484 1.8955 0.1300 0.0904 0.0494
60.0000 168.7087 1 80.0000 0.0000 2 0.1503 2.5602 2.0776 0.1762 0.0919 0.0593
60.0000 168.7087 1 80.0000 0.0000 2 0.1728 2.6246 2.0886 0.1920 0.1228 0.0755
60.0000 168.7087 1 80.0000 0.0000 2 0.1359 2.3968 1.9456 0.1696 0.1075 0.0546
60.0000 168.7087 1 80.0000 0.0000 2 0.1648 2.5698 2.0068 0.2025 0.1005 0.0698
60.0000 168.7087 1 80.0000 0.0000 2 0.1820 2.5377 1.9635 0.1715 0.1161 0.0540
60.0000 168.7087 1 80.0000 0.0000 2 0.1457 2.6152 2.0602 0.1911 0.1095 0.0594
60.0000 168.7087 1 80.0000 0.0000 2 0.2165 2.5340 1.7639 0.1208 0.1088 0.0585
60.0000 168.7087 1 80.0000 0.0000 2 0.1692 2.7186 1.9077 0.2284 0.1084 0.0816
60.0000 168.7087 1 80.0000 0.0000 2 0.1895 2.4659 1.8838 0.1533 0.1317 0.0652
60.0000 168.7087 1 80.0000 0.0000 2 0.1732 2.5460 1.9180 0.1824 0.0687 0.0606
60.0000 168.7087 1 80.0000 0.0000 2 0.1852 2.5879 1.9034 0.1799 0.1023 0.0660
60.0000 168.7087 1 80.0000 0.0000 2 0.1829 2.4754 1.8942 0.1521 0.1015 0.0684
60.0000 168.7087 1 80.0000 0.0000 2 0.1758 2.5042 1.9235 0.1980 0.1253 0.0383
60.0000 168.7087 1 80.0000 0.0000 2 0.1679 2.5075 1.8681 0.1435 0.1127 0.0636
60.0000 168.7087 1 80.0000 0.0000 2 0.1744 2.4817 1.9566 0.2265 0.1240 0.0678
60.0000 168.7087 1 80.0000 0.0000 2 0.1804 2.6552 1.9269 0.1630 0.1071 0.0667
60.0000 168.7087 1 80.0000 0.0000 2 0.1488 2.5625 1.9722 0.1724 0.1365 0.0535
60.0000 168.7087 1 80.0000 0.0000 2 0.2086 2.4239 2.0143 0.1672 0.1130 0.0703
60.0000 168.7087 1 80.0000 0.0000 2 0.1975 2.6006 1.9810 0.1481 0.0954 0.0688
60.0000 168.7087 1 80.0000 0.0000 2 0.1659 2.6407 1.9353 0.1573 0.0927 0.0739
60.0000 168.7087 1 80.0000 0.0000 2 0.1601 2.4997 1.9586 0.1039 0.1116 0.0869
60.0000 168.7087 1 80.0000 0.0000 2 0.1760 2.5158 2.0156 0.1856 0.1279 0.0639
60.0000 168.7087 1 80.0000 0.0000 2 0.2036 2.3851 1.9937 0.1560 0.1137 0.0511
60.0000 168.7087 1 80.0000 0.0000 2 0.1799 2.5854 1.8386 0.2084 0.1042 0.0604
60.0000 168.7087 1 80.0000 0.0000 2 0.1781 2.6211 1.8520 0.1285 0.1182 0.0734
60.0000 168.7087 1 80.0000 0.0000 2 0.1913 2.5959 2.1236 0.1658 0.1325 0.0470
60.0000 168.7087 1 80.0000 0.0000 2 0.1551 2.6286 2.0403 0.1357 0.0979 0.0627
60.0000 168.7087 1 80.0000 0.0000 2 0.1406 2.5232 1.8606 0.2124 0.0962 0.0766
60.0000 168.7087 1 80.0000 0.0000 2 0.1540 2.5327 1.9396 0.1485 0.1030 0.0726
60.0000 168.7087 1 80.0000 0.0000 2 0.1679 2.6798 1.9494 0.1166 0.1105 0.0483
60.0000 168.7087 1 80.0000 0.0000 2 0.1243 2.5783 2.0299 0.1832 0.1214 0.0708
60.0000 168.7087 1 80.0000 0.0000 2 0.1869 2.4499 1.9771 0.1229 0.1110 0.0614
60.0000 168.7087 1 80.0000 0.0000 2 0.1607 2.5763 1.8753 0.1324 0.1191 0.0849
60.0000 168.7087 1 80.0000 0.0000 2 0.1584 2.5515 1.9953 0.1095 0.1046 0.0778
60.0000 168.7087 1 80.0000 0.0000 2 0.1933 2.4401 1.9322 0.1783 0.0997 0.0575
60.0000 168.7087 1 80.0000 0.0000 2 0.1981 2.6075 1.9100 0.1446 0.1293 0.0648
60.0000 168.7087 1 80.0000 0.0000 2 0.1483 2.6994 1.9523 0.2031 0.1191 0.0521
60.0000 168.7087 1 80.0000 0.0000 2 0.1851 2.6652 2.0003 0.1419 0.0879 0.0785
60.0000 168.7087 1 80.0000 0.0000 2 0.1702 2.5928 1.8129 0.1612 0.1200 0.0750
60.0000 168.7087 1 80.0000 0.0000 2 0.1320 2.5162 2.0364 0.1596 0.1056 0.0562
60.0000 168.7087 1 80.0000 0.0000 2 0.1637 2.4843 1.9197 0.1954 0.1062 0.0656
60.0000 168.7087 1 80.0000 0.0000 2 0.1559 2.5444 2.0223 0.1681 0.0991 0.0632
