60.0000 158.4998 1 80.0000 0.0000 2 0.1897 1.2781 2.7016 0.0971 0.0879 0.0558
60.0000 158.4998 1 80.0000 0.0000 2 0.2107 1.2730 2.6391 0.0630 0.0949 0.0820
60.0000 158.4998 1 80.0000 0.0000 2 0.2215 1.2078 2.6889 0.1225 0.0947 0.0616
60.0000 158.4998 1 80.0000 0.0000 2 0.2118 1.4324 2.6995 0.0916 0.0742 0.0881
60.0000 158.4998 1 80.0000 0.0000 2 0.2086 1.2836 2.7704 0.0655 0.0621 0.0813
60.0000 158.4998 1 80.0000 0.0000 2 0.1930 1.2460 2.7118 0.1078 0.0833 0.0700
60.0000 158.4998 1 80.0000 0.0000 2 0.2115 1.1530 2.7752 0.0809 0.0808 0.0767
60.0000 158.4998 1 80.0000 0.0000 2 0.2161 1.3446 2.7492 0.0739 0.0721 0.0775
60.0000 158.4998 1 80.0000 0.0000 2 0.2208 1.2610 2.7308 0.0775 0.0822 0.0627
60.0000 158.4998 1 80.0000 0.0000 2 0.2350 1.2483 2.7639 0.0820 0.1028 0.0533
60.0000 158.4998 1 80.0000 0.0000 2 0.1798 1.2365 2.8396 0.1178 0.0683 0.0955
60.0000 158.4998 1 80.0000 0.0000 2 0.2401 1.2414 2.7248 0.0777 0.0805 0.0657
60.0000 158.4998 1 80.0000 0.0000 2 0.2047 1.2106 2.7827 0.0931 0.0786 0.0748
60.0000 158.4998 1 80.0000 0.0000 2 0.2076 1.1918 2.6838 0.0793 0.0825 0.0833
60.0000 158.4998 1 80.0000 0.0000 2 0.2246 1.2762 2.6967 0.0895 0.0885 0.0764
60.0000 158.4998 1 80.0000 0.0000 2 0.1976 1.1675 2.6929 0.0586 0.0729 0.0839
60.0000 158.4998 1 80.0000 0.0000 2 0.2261 1.2876 2.8654 0.0659 0.0860 0.0597
60.0000 158.4998 1 80.0000 0.0000 2 0.2158 1.1365 2.7372 0.0757 0.0774 0.0790
60.0000 158.4998 1 80.0000 0.0000 2 0.2332 1.3002 2.7530 0.0848 0.0861 0.0901
60.0000 158.4998 1 80.0000 0.0000 2 0.2421 1.3363 2.7479 0.1050 0.0973 0.0905
60.0000 158.4998 1 80.0000 0.0000 2 0.2192 1.1967 2.7036 0.0998 0.1011 0.0985
60.0000 158.4998 1 80.0000 0.0000 2 0.1832 1.2955 2.7165 0.0934 0.0962 0.0921
60.0000 158.4998 1 80.0000 0.0000 2 0.2147 1.2641 2.7883 0.0812 0.0763 0.0724
60.0000 158.4998 1 80.0000 0.0000 2 0.2123 1.2342 2.6632 0.0677 0.0690 0.1119
60.0000 158.4998 1 80.0000 0.0000 2 0.1981 1.1190 2.7242 0.0852 0.0813 0.0497
60.0000 158.4998 1 80.0000 0.0000 2 0.2098 1.1634 2.8068 0.1092 0.0789 0.0946
60.0000 158.4998 1 80.0000 0.0000 2 0.2177 1.2027 2.6666 0.0704 0.0779 0.1003
60.0000 158.4998 1 80.0000 0.0000 2 0.2203 1.2253 2.5932 0.0859 0.0983 0.1039
60.0000 158.4998 1 80.0000 0.0000 2 0.2089 1.3125 2.6179 0.1128 0.0758 0.0851
60.0000 158.4998 1 80.0000 0.0000 2 0.2067 1.1794 2.7199 0.0834 0.0799 0.0668
60.0000 158.4998 1 80.0000 0.0000 2 0.2236 1.1733 2.6736 0.0877 0.0891 0.0684
60.0000 158.4998 1 80.0000 0.0000 2 0.2029 1.1427 2.7274 0.0944 0.0917 0.0800
60.0000 158.4998 1 80.0000 0.0000 2 0.2285 1.1853 2.7391 0.0886 0.0837 0.0863
60.0000 158.4998 1 80.0000 0.0000 2 0.2063 1.0643 2.6813 0.0800 0.0745 0.0690
60.0000 158.4998 1 80.0000 0.0000 2 0.2233 1.3311 2.6518 0.1031 0.0895 0.0756
60.0000 158.4998 1 80.0000 0.0000 2 0.1961 1.1833 2.6503 0.0555 0.0660 0.0590
60.0000 158.4998 1 80.0000 0.0000 2 0.1916 1.2560 2.7441 0.0981 0.1064 0.0787
60.0000 158.4998 1 80.0000 0.0000 2 0.2315 1.2410 2.8178 0.0953 0.0930 0.0807
60.0000 158.4998 1 80.0000 0.0000 2 0.2185 1.3200 2.7558 0.0534 0.0844 0.0928
60.0000 158.4998 1 80.0000 0.0000 2 0.1993 1.3052 2.7782 0.1017 0.0908 0.0738
60.0000 158.4998 1 80.0000 0.0000 2 0.2054 1.2682 2.7908 0.0689 0.0846 0.0421
60.0000 158.4998 1 80.0000 0.0000 2 0.2295 1.1155 2.7599 0.0843 0.0998 0.0678
60.0000 158.4998 1 80.0000 0.0000 2 0.2133 1.2307 2.7077 0.0915 0.0877 0.0869
60.0000 158.4998 1 80.0000 0.0000 2 0.2265 1.2020 2.7350 0.0869 0.0852 0.1009
60.0000 158.4998 1 80.0000 0.0000 2 0.2035 1.3595 2.7985 0.1004 0.0921 0.0731
60.0000 158.4998 1 80.0000 0.0000 2 0.2007 1.2211 2.7140 0.0970 0.0701 0.0639
60.0000 158.4998 1 80.0000 0.0000 2 0.2140 1.2929 2.8224 0.0902 0.0937 0.0707
60.0000 158.4998 1 80.0000 0.0000 2 0.2013 1.2141 2.7671 0.0732 0.1072 0.0847
60.0000 158.4998 1 80.0000 0.0000 2 0.1950 1.2185 2.6753 0.0764 0.0867 0.0718
60.0000 158.4998 1 80.0000 0.0000 2 0.2173 1.2542 2.7998 0.0718 0.0906 0.0891
