60.0000 159.8782 1 80.0000 0.0000 2 0.2516 2.4839 3.0359 0.1065 0.1178 -0.0010
60.0000 159.8782 1 80.0000 0.0000 2 0.2522 2.3853 2.9781 0.1548 0.0649 -0.0321
60.0000 159.8782 1 80.0000 0.0000 2 0.2338 2.5772 2.5704 0.0905 0.0790 0.0561
60.0000 159.8782 1 80.0000 0.0000 2 0.2182 2.4792 2.9149 0.0928 0.0365 0.0574
60.0000 159.8782 1 80.0000 0.0000 2 0.2272 2.4546 2.6991 0.1043 0.0549 0.0026
60.0000 159.8782 1 80.0000 0.0000 2 0.2369 2.4097 3.3560 0.1198 0.0726 0.0842
60.0000 159.8782 1 80.0000 0.0000 2 0.2625 2.3517 2.3745 0.1010 0.0323 0.0483
60.0000 159.8782 1 80.0000 0.0000 2 0.2855 2.4506 3.0535 0.1101 0.0611 0.0096
60.0000 159.8782 1 80.0000 0.0000 2 0.2380 2.4599 2.2329 0.0995 0.0496 0.0386
60.0000 159.8782 1 80.0000 0.0000 2 0.2354 2.3723 3.6886 0.1015 0.0869 0.0707
60.0000 159.8782 1 80.0000 0.0000 2 0.2331 2.5059 2.7200 0.1164 0.0464 -0.0183
60.0000 159.8782 1 80.0000 0.0000 2 0.2444 2.4888 2.4095 0.1222 0.0663 0.0206
60.0000 159.8782 1 80.0000 0.0000 2 0.2563 2.5190 3.4966 0.0846 0.1079 0.0926
60.0000 159.8782 1 80.0000 0.0000 2 0.2696 2.4209 2.8319 0.1169 0.0268 0.0824
60.0000 159.8782 1 80.0000 0.0000 2 0.2468 2.3653 2.7668 0.0787 0.0931 0.0272
60.0000 159.8782 1 80.0000 0.0000 2 0.2276 2.4320 2.6682 0.1027 0.0749 0.0325
60.0000 159.8782 1 80.0000 0.0000 2 0.2620 2.4588 2.2791 0.1184 0.0574 0.0740
60.0000 159.8782 1 80.0000 0.0000 2 0.2454 2.5366 4.3557 0.1320 0.0086 -0.0161
60.0000 159.8782 1 80.0000 0.0000 2 0.2662 2.4777 2.7367 0.0944 0.0879 0.0536
60.0000 159.8782 1 80.0000 0.0000 2 0.2403 2.5667 3.1085 0.1072 0.0891 0.0312
60.0000 159.8782 1 80.0000 0.0000 2 0.2302 2.4046 2.6257 0.1335 0.0644 0.0436
60.0000 159.8782 1 80.0000 0.0000 2 0.2490 2.4690 2.8710 0.1131 0.0601 0.0186
60.0000 159.8782 1 80.0000 0.0000 2 0.2308 2.5104 3.1490 0.1142 0.1484 0.0117
60.0000 159.8782 1 80.0000 0.0000 2 0.2481 2.3827 2.6076 0.1219 0.0516 0.0479
60.0000 159.8782 1 80.0000 0.0000 2 0.2368 2.4653 2.4401 0.1270 0.0405 0.0156
60.0000 159.8782 1 80.0000 0.0000 2 0.2400 2.4457 2.9426 0.1154 0.0427 0.0248
60.0000 159.8782 1 80.0000 0.0000 2 0.2795 2.5503 2.8189 0.1048 0.0922 0.0460
60.0000 159.8782 1 80.0000 0.0000 2 0.2233 2.3374 3.5985 0.0918 0.1051 0.0072
60.0000 159.8782 1 80.0000 0.0000 2 0.2574 2.4330 3.2793 0.0982 0.0534 -0.0065
60.0000 159.8782 1 80.0000 0.0000 2 0.2432 2.5589 2.5600 0.1035 0.0970 0.0656
60.0000 159.8782 1 80.0000 0.0000 2 0.2541 2.5224 2.4893 0.1055 0.0761 0.0419
60.0000 159.8782 1 80.0000 0.0000 2 0.2119 2.5279 3.0880 0.1092 0.0848 0.0750
60.0000 159.8782 1 80.0000 0.0000 2 0.2546 2.2923 2.5205 0.0977 0.0955 0.1044
60.0000 159.8782 1 80.0000 0.0000 2 0.2500 2.3123 3.2955 0.1003 0.1358 0.0595
60.0000 159.8782 1 80.0000 0.0000 2 0.2594 2.4733 2.3114 0.1204 0.1260 0.0642
60.0000 159.8782 1 80.0000 0.0000 2 0.2638 2.3950 2.6385 0.0887 0.1097 0.0796
60.0000 159.8782 1 80.0000 0.0000 2 0.2598 2.5130 2.5338 0.1144 0.1022 0.0379
60.0000 159.8782 1 80.0000 0.0000 2 0.2212 2.4995 3.1983 0.0950 0.0203 0.0682
60.0000 159.8782 1 80.0000 0.0000 2 0.2576 2.3982 3.0041 0.1082 0.0691 0.0340
60.0000 159.8782 1 80.0000 0.0000 2 0.2065 2.5447 2.8831 0.1175 0.1157 0.0180
60.0000 159.8782 1 80.0000 0.0000 2 0.2769 2.4904 1.8096 0.1115 0.1133 0.0284
60.0000 159.8782 1 80.0000 0.0000 2 0.2245 2.4117 2.4757 0.1288 0.0835 0.0625
60.0000 159.8782 1 80.0000 0.0000 2 0.2704 2.4959 2.3377 0.1240 0.0782 0.0511
60.0000 159.8782 1 80.0000 0.0000 2 0.2141 2.4162 2.1166 0.1255 0.0818 -0.0002
60.0000 159.8782 1 80.0000 0.0000 2 0.2747 2.4406 2.7942 0.0842 -0.0107 0.0400
60.0000 159.8782 1 80.0000 0.0000 2 0.2882 2.5946 3.4555 0.1106 0.1218 0.0962
60.0000 159.8782 1 80.0000 0.0000 2 0.2429 2.6252 2.9372 0.0962 0.0359 0.0527
60.0000 159.8782 1 80.0000 0.0000 2 0.2503 2.4382 2.6742 0.1122 0.1441 0.0363
60.0000 159.8782 1 80.0000 0.0000 2 0.2676 2.4256 3.2092 0.1072 0.1007 0.1112
60.0000 159.8782 1 80.0000 0.0000 2 0.2420 2.3598 2.7740 0.1095 0.0709 0.0233
