60.0000 160.7715 1 80.0000 0.0000 2 0.2126 1.0768 1.3634 0.1231 0.0420 0.0360
60.0000 160.7715 1 80.0000 0.0000 2 0.1971 0.9595 1.3728 0.1314 0.0402 0.0265
60.0000 160.7715 1 80.0000 0.0000 2 0.1871 0.9660 1.3830 0.1451 0.0421 0.0297
60.0000 160.7715 1 80.0000 0.0000 2 0.1786 1.0680 1.3153 0.1102 0.0462 0.0367
60.0000 160.7715 1 80.0000 0.0000 2 0.1647 0.9020 1.3479 0.1721 0.0432 0.0269
60.0000 160.7715 1 80.0000 0.0000 2 0.1843 0.9790 1.3538 0.1395 0.0406 0.0407
60.0000 160.7715 1 80.0000 0.0000 2 0.1949 0.9518 1.3765 0.1387 0.0412 0.0332
60.0000 160.7715 1 80.0000 0.0000 2 0.1576 0.9943 1.3691 0.1672 0.0475 0.0291
60.0000 160.7715 1 80.0000 0.0000 2 0.1929 0.9413 1.3382 0.1167 0.0446 0.0392
60.0000 160.7715 1 80.0000 0.0000 2 0.1756 0.8771 1.3680 0.1427 0.0451 0.0249
60.0000 160.7715 1 80.0000 0.0000 2 0.1894 1.0221 1.3502 0.1366 0.0452 0.0300
60.0000 160.7715 1 80.0000 0.0000 2 0.1671 0.8424 1.3534 0.1264 0.0426 0.0363
60.0000 160.7715 1 80.0000 0.0000 2 0.1801 1.0051 1.3563 0.1416 0.0450 0.0395
60.0000 160.7715 1 80.0000 0.0000 2 0.1863 0.8724 1.3517 0.1378 0.0438 0.0378
60.0000 160.7715 1 80.0000 0.0000 2 0.1686 0.7776 1.3263 0.1612 0.0428 0.0347
60.0000 160.7715 1 80.0000 0.0000 2 0.1709 0.9635 1.3414 0.1412 0.0415 0.0281
60.0000 160.7715 1 80.0000 0.0000 2 0.1732 0.9352 1.3662 0.1592 0.0435 0.0307
60.0000 160.7715 1 80.0000 0.0000 2 0.1761 0.9211 1.3506 0.1252 0.0431 0.0224
60.0000 160.7715 1 80.0000 0.0000 2 0.2032 0.9843 1.3580 0.1124 0.0405 0.0337
60.0000 160.7715 1 80.0000 0.0000 2 0.1812 0.9258 1.3917 0.1437 0.0397 0.0323
60.0000 160.7715 1 80.0000 0.0000 2 0.1955 0.9786 1.3303 0.1465 0.0423 0.0285
60.0000 160.7715 1 80.0000 0.0000 2 0.1815 1.0015 1.3674 0.1064 0.0457 0.0351
60.0000 160.7715 1 80.0000 0.0000 2 0.1795 0.9902 1.3450 0.1459 0.0477 0.0353
60.0000 160.7715 1 80.0000 0.0000 2 0.1850 0.9148 1.3705 0.1195 0.0411 0.0328
60.0000 160.7715 1 80.0000 0.0000 2 0.1832 0.8260 1.3369 0.0917 0.0435 0.0278
60.0000 160.7715 1 80.0000 0.0000 2 0.1717 0.9547 1.3782 0.1237 0.0437 0.0185
60.0000 160.7715 1 80.0000 0.0000 2 0.1769 0.9081 1.3402 0.1530 0.0471 0.0274
60.0000 160.7715 1 80.0000 0.0000 2 0.1935 1.0424 1.3465 0.1638 0.0444 0.0324
60.0000 160.7715 1 80.0000 0.0000 2 0.1905 0.9743 1.3550 0.1322 0.0433 0.0358
60.0000 160.7715 1 80.0000 0.0000 2 0.1792 1.0305 1.3227 0.1358 0.0464 0.0234
60.0000 160.7715 1 80.0000 0.0000 2 0.1994 0.9491 1.3724 0.1499 0.0442 0.0343
60.0000 160.7715 1 80.0000 0.0000 2 0.1982 0.8937 1.3276 0.1286 0.0467 0.0375
60.0000 160.7715 1 80.0000 0.0000 2 0.1921 0.8890 1.3567 0.1494 0.0504 0.0293
60.0000 160.7715 1 80.0000 0.0000 2 0.1822 0.9124 1.3752 0.1280 0.0446 0.0303
60.0000 160.7715 1 80.0000 0.0000 2 0.1889 0.9378 1.3428 0.1547 0.0442 0.0319
60.0000 160.7715 1 80.0000 0.0000 2 0.2006 0.9679 1.3584 0.1661 0.0459 0.0313
60.0000 160.7715 1 80.0000 0.0000 2 0.1696 0.8602 1.3492 0.1598 0.0441 0.0329
60.0000 160.7715 1 80.0000 0.0000 2 0.1779 1.0361 1.3601 0.1142 0.0454 0.0317
60.0000 160.7715 1 80.0000 0.0000 2 0.1880 1.0552 1.3923 0.1692 0.0433 0.0259
60.0000 160.7715 1 80.0000 0.0000 2 0.1550 1.0163 1.4186 0.1333 0.0416 0.0289
60.0000 160.7715 1 80.0000 0.0000 2 0.1629 0.9202 1.3613 0.1922 0.0448 0.0341
60.0000 160.7715 1 80.0000 0.0000 2 0.1665 0.8374 1.3332 0.1572 0.0422 0.0381
60.0000 160.7715 1 80.0000 0.0000 2 0.1914 0.8980 1.3620 0.1558 0.0448 0.0254
60.0000 160.7715 1 80.0000 0.0000 2 0.1745 0.9954 1.3809 0.1517 0.0455 0.0301
60.0000 160.7715 1 80.0000 0.0000 2 0.2054 0.9310 1.3646 0.1298 0.0466 0.0436
60.0000 160.7715 1 80.0000 0.0000 2 0.1876 0.9441 1.3442 0.1515 0.0425 0.0336
60.0000 160.7715 1 80.0000 0.0000 2 0.1857 0.8579 1.3627 0.1216 0.0418 0.0311
60.0000 160.7715 1 80.0000 0.0000 2 0.1741 1.0976 1.3876 0.1483 0.0429 0.0243
60.0000 160.7715 1 80.0000 0.0000 2 0.2074 1.0115 1.3361 0.1344 0.0389 0.0270
60.0000 160.7715 1 80.0000 0.0000 2 0.1834 0.8817 1.3786 0.1782 0.0440 0.0309
