60.0000 168.9425 1 80.0000 0.0000 2 0.0980 2.6025 0.2451 0.2606 0.0500 0.0307
60.0000 168.9425 1 80.0000 0.0000 2 0.1033 2.6575 0.2775 0.2554 0.0509 0.0270
60.0000 168.9425 1 80.0000 0.0000 2 0.1142 2.7454 0.2593 0.2567 0.0599 0.0276
60.0000 168.9425 1 80.0000 0.0000 2 0.1018 2.6225 0.2368 0.2719 0.0554 0.0211
60.0000 168.9425 1 80.0000 0.0000 2 0.1096 2.6884 0.2484 0.2577 0.0485 0.0330
60.0000 168.9425 1 80.0000 0.0000 2 0.1006 2.7012 0.2797 0.2803 0.0556 0.0218
60.0000 168.9425 1 80.0000 0.0000 2 0.0868 2.6695 0.2699 0.2482 0.0517 0.0223
60.0000 168.9425 1 80.0000 0.0000 2 0.1065 2.7944 0.2574 0.2585 0.0605 0.0226
60.0000 168.9425 1 80.0000 0.0000 2 0.1152 2.6942 0.2516 0.2421 0.0467 0.0236
60.0000 168.9425 1 80.0000 0.0000 2 0.1198 2.6546 0.2511 0.2653 0.0565 0.0274
60.0000 168.9425 1 80.0000 0.0000 2 0.1110 2.6765 0.2637 0.2667 0.0589 0.0285
60.0000 168.9425 1 80.0000 0.0000 2 0.1114 2.7537 0.2631 0.2350 0.0608 0.0298
60.0000 168.9425 1 80.0000 0.0000 2 0.1227 2.7761 0.2733 0.2790 0.0537 0.0240
60.0000 168.9425 1 80.0000 0.0000 2 0.1101 2.8334 0.2946 0.2755 0.0540 0.0291
60.0000 168.9425 1 80.0000 0.0000 2 0.0961 2.6181 0.2390 0.2742 0.0521 0.0320
60.0000 168.9425 1 80.0000 0.0000 2 0.0974 2.6652 0.2722 0.2694 0.0559 0.0265
60.0000 168.9425 1 80.0000 0.0000 2 0.1137 2.7899 0.2257 0.2674 0.0530 0.0209
60.0000 168.9425 1 80.0000 0.0000 2 0.1051 2.7375 0.2674 0.2901 0.0549 0.0263
60.0000 168.9425 1 80.0000 0.0000 2 0.1104 2.8236 0.2564 0.2613 0.0614 0.0279
60.0000 168.9425 1 80.0000 0.0000 2 0.0955 2.7282 0.2546 0.2844 0.0563 0.0231
60.0000 168.9425 1 80.0000 0.0000 2 0.1324 2.7231 0.2666 0.2656 0.0522 0.0178
60.0000 168.9425 1 80.0000 0.0000 2 0.0936 2.5774 0.2805 0.2646 0.0568 0.0262
60.0000 168.9425 1 80.0000 0.0000 2 0.1250 2.8866 0.2864 0.2713 0.0551 0.0247
60.0000 168.9425 1 80.0000 0.0000 2 0.1159 2.8046 0.2750 0.2743 0.0595 0.0244
60.0000 168.9425 1 80.0000 0.0000 2 0.1123 2.8084 0.2618 0.2767 0.0594 0.0243
60.0000 168.9425 1 80.0000 0.0000 2 0.1223 2.6338 0.2986 0.2538 0.0528 0.0235
60.0000 168.9425 1 80.0000 0.0000 2 0.1081 2.4212 0.2100 0.2733 0.0487 0.0296
60.0000 168.9425 1 80.0000 0.0000 2 0.0824 2.6409 0.2407 0.2522 0.0576 0.0323
60.0000 168.9425 1 80.0000 0.0000 2 0.1069 2.5608 0.2690 0.2628 0.0587 0.0358
60.0000 168.9425 1 80.0000 0.0000 2 0.1146 2.8413 0.2604 0.2594 0.0571 0.0171
60.0000 168.9425 1 80.0000 0.0000 2 0.0997 2.5325 0.2485 0.2496 0.0539 0.0200
60.0000 168.9425 1 80.0000 0.0000 2 0.1287 2.5903 0.2428 0.2993 0.0524 0.0188
60.0000 168.9425 1 80.0000 0.0000 2 0.1016 2.8152 0.2844 0.2598 0.0620 0.0259
60.0000 168.9425 1 80.0000 0.0000 2 0.0995 2.7599 0.2397 0.2682 0.0629 0.0221
60.0000 168.9425 1 80.0000 0.0000 2 0.1168 2.7200 0.2501 0.2516 0.0533 0.0256
60.0000 168.9425 1 80.0000 0.0000 2 0.1039 2.7387 0.2298 0.2696 0.0583 0.0348
60.0000 168.9425 1 80.0000 0.0000 2 0.1194 2.9195 0.2344 0.2761 0.0435 0.0268
60.0000 168.9425 1 80.0000 0.0000 2 0.1338 2.9490 0.2649 0.2636 0.0581 0.0203
60.0000 168.9425 1 80.0000 0.0000 2 0.1181 2.8503 0.2226 0.2872 0.0478 0.0251
60.0000 168.9425 1 80.0000 0.0000 2 0.1026 2.8607 0.2543 0.2860 0.0641 0.0315
60.0000 168.9425 1 80.0000 0.0000 2 0.1127 2.7064 0.2470 0.2808 0.0546 0.0300
60.0000 168.9425 1 80.0000 0.0000 2 0.1207 2.6449 0.2558 0.2776 0.0673 0.0282
60.0000 168.9425 1 80.0000 0.0000 2 0.1047 2.7848 0.2271 0.2620 0.0573 0.0249
60.0000 168.9425 1 80.0000 0.0000 2 0.1060 2.7156 0.2352 0.2464 0.0515 0.0292
60.0000 168.9425 1 80.0000 0.0000 2 0.1090 2.7711 0.2532 0.2727 0.0501 0.0231
60.0000 168.9425 1 80.0000 0.0000 2 0.1254 2.7638 0.2458 0.2701 0.0453 0.0309
60.0000 168.9425 1 80.0000 0.0000 2 0.1171 2.7096 0.2439 0.2549 0.0507 0.0288
60.0000 168.9425 1 80.0000 0.0000 2 0.1075 2.6824 0.2168 0.2824 0.0542 0.0258
60.0000 168.9425 1 80.0000 0.0000 2 0.0921 2.7516 0.2315 0.2641 0.0496 0.0255
60.0000 168.9425 1 80.0000 0.0000 2 0.0906 2.8709 0.2607 0.2681 0.0560 0.0280
