BRDF 112 6 483.0 560.0 662.0 835.0 1648.0 2206.0 0.0041 0.0045 0.0047 0.0053 0.0079 0.0097
2451590 1 1.15 8.2 58.83 331.22 0.1117 0.1466 0.1914 0.2883 0.3727 0.2709
2451638 1 1.15 8.2 40.85 324.93 0.1353 0.1587 0.1887 0.2577 0.3629 0.2875
2451638 1 1.27 8.2 40.85 324.93 0.1329 0.1547 0.1834 0.2503 0.3536 0.2800
2451702 1 1.15 8.2 26.03 310.01 0.1102 0.1472 0.1727 0.3104 0.4063 0.3222
2451702 1 1.27 8.2 26.03 310.01 0.1087 0.1476 0.1731 0.3074 0.4076 0.3189
2451750 1 1.27 8.2 29.13 308.68 0.0313 0.0508 0.0277 0.5537 0.2268 0.0879
2451766 1 1.15 8.2 33.12 316.06 0.0479 0.0653 0.0404 0.5547 0.2433 0.0985
2451782 1 1.15 8.2 37.19 321.85 0.0399 0.0556 0.0367 0.4640 0.2195 0.0860
2451798 1 1.15 8.2 41.96 327.61 0.0549 0.0862 0.0964 0.2829 0.2446 0.1414
2451814 1 1.15 8.2 47.21 332.67 0.0753 0.0958 0.1330 0.2478 0.3058 0.1979
2451990 1 1.27 8.2 45.14 324.83 0.1149 0.1279 0.1452 0.2055 0.3043 0.2386
2452038 1 1.15 8.2 30.30 316.77 0.0627 0.0863 0.1080 0.1736 0.2840 0.2530
2452070 1 1.15 8.2 26.26 308.55 0.0785 0.1126 0.1397 0.2485 0.3745 0.3232
2452134 1 1.15 8.2 34.06 316.19 0.0348 0.0455 0.0314 0.4284 0.1625 0.0589
2452134 1 1.27 8.2 34.06 316.19 0.0356 0.0461 0.0303 0.4247 0.1587 0.0587
2452150 1 1.15 8.2 38.23 322.06 0.0302 0.0493 0.0355 0.4090 0.1635 0.0650
2452182 1 1.15 8.2 48.34 332.73 0.0516 0.0642 0.0674 0.2272 0.1807 0.0948
2452198 1 1.15 8.2 53.73 336.61 0.0457 0.0697 0.1008 0.1911 0.2322 0.1316
2452198 1 1.27 8.2 53.73 336.61 0.0434 0.0673 0.0977 0.1823 0.2257 0.1278
2452326 1 1.15 8.2 57.33 329.45 0.1033 0.1258 0.1625 0.2347 0.3403 0.2489
2452454 1 1.15 8.2 26.91 306.28 0.0468 0.0662 0.0612 0.3378 0.2296 0.1276
2452470 1 1.15 8.2 28.64 307.68 0.0317 0.0469 0.0245 0.4524 0.1561 0.0555
2452486 1 1.15 8.2 31.31 311.51 0.0405 0.0596 0.0368 0.4596 0.1719 0.0722
2452486 1 1.27 8.2 31.31 311.51 0.0413 0.0585 0.0362 0.4582 0.1702 0.0712
2452566 1 1.27 8.2 53.49 336.15 0.0525 0.0666 0.0885 0.1566 0.2222 0.1346
2452646 1 1.15 8.2 67.88 336.00 0.0943 0.1351 0.1981 0.3012 0.3556 0.2342
2452790 1 1.15 8.2 27.02 310.42 0.0976 0.1338 0.1717 0.2761 0.4351 0.3502
2452854 1 1.15 8.2 31.83 312.44 0.0310 0.0453 0.0278 0.4452 0.1671 0.0643
2452854 1 1.27 8.2 31.83 312.44 0.0306 0.0448 0.0277 0.4422 0.1659 0.0639
2452918 1 1.15 8.2 50.24 334.13 0.0546 0.0643 0.0870 0.1894 0.2335 0.1286
2452918 1 1.27 8.2 50.24 334.13 0.0515 0.0642 0.0844 0.1847 0.2308 0.1254
2452934 1 1.15 8.2 55.57 337.60 0.0466 0.0560 0.0871 0.1600 0.2317 0.1266
2452934 1 1.27 8.2 55.57 337.60 0.0442 0.0540 0.0842 0.1545 0.2210 0.1222
2453078 1 1.15 8.2 49.27 326.73 0.1040 0.1374 0.1826 0.2620 0.4011 0.2946
2453190 1 1.15 8.2 27.31 306.62 0.0276 0.0483 0.0315 0.4226 0.1979 0.0850
2453222 1 1.27 8.2 31.60 311.24 0.0373 0.0527 0.0303 0.5347 0.2006 0.0753
2453238 1 1.15 8.2 36.15 319.15 0.0349 0.0532 0.0354 0.4345 0.1776 0.0725
2453238 1 1.27 8.2 36.15 319.15 0.0290 0.0502 0.0351 0.4325 0.1762 0.0718
2453254 1 1.15 8.2 40.67 325.08 0.0297 0.0537 0.0390 0.3314 0.1648 0.0647
2453254 1 1.27 8.2 40.67 325.08 0.0259 0.0508 0.0368 0.3238 0.1627 0.0664
2453286 1 1.15 8.2 51.13 334.98 0.0514 0.0677 0.0872 0.1642 0.2283 0.1294
2453286 1 1.27 8.2 51.13 334.98 0.0493 0.0659 0.0849 0.1603 0.2226 0.1263
2453302 1 1.15 8.2 56.45 338.15 0.0885 0.1288 0.1832 0.2750 0.3894 0.2647
2453302 1 1.27 8.2 56.45 338.15 0.0874 0.1240 0.1764 0.2634 0.3780 0.2569
2453334 1 1.27 8.2 63.89 339.66 0.2581 0.2646 0.2883 0.3532 0.3626 0.3129
2453430 1 1.15 8.2 54.28 328.54 0.1019 0.1247 0.1632 0.2299 0.3884 0.2827
2453510 1 1.15 8.2 28.20 313.53 0.1167 0.1611 0.2157 0.3276 0.4785 0.3724
2453590 1 1.27 8.2 32.90 314.54 0.0243 0.0426 0.0253 0.4235 0.1563 0.0633
2453622 1 1.15 8.2 41.47 326.23 0.0467 0.0610 0.0533 0.3002 0.1880 0.0932
2453622 1 1.27 8.2 41.47 326.23 0.0485 0.0618 0.0542 0.2922 0.1839 0.0913
2453670 1 1.15 8.2 57.30 338.69 0.1033 0.1527 0.2088 0.3230 0.4131 0.2797
2453670 1 1.27 8.2 57.30 338.69 0.0993 0.1464 0.2001 0.3129 0.3969 0.2682
2453750 1 1.15 8.2 66.79 335.08 0.0753 0.0922 0.1090 0.1494 0.2624 0.2248
2453846 1 1.15 8.2 35.32 321.03 0.1098 0.1443 0.1864 0.2749 0.4270 0.4046
2453942 1 1.15 8.2 30.22 310.58 0.0250 0.0392 0.0285 0.3827 0.1551 0.0571
2454022 1 1.15 8.2 52.94 336.46 0.0911 0.1261 0.1905 0.2922 0.3957 0.2676
2454022 1 1.27 8.2 52.94 336.46 0.0863 0.1253 0.1861 0.2946 0.3910 0.2666
2454182 1 1.15 8.2 45.92 325.97 0.0641 0.0757 0.0927 0.1380 0.2253 0.1655
2454198 1 1.15 8.2 39.84 323.59 0.0810 0.1058 0.1342 0.2143 0.3725 0.3528
2454230 1 1.15 8.2 30.13 316.63 0.1137 0.1505 0.1978 0.2792 0.4350 0.4016
2454294 1 1.15 8.2 28.11 307.88 0.0196 0.0357 0.0172 0.4384 0.1384 0.0477
2454342 1 1.15 8.2 38.30 322.60 0.0269 0.0456 0.0308 0.3084 0.1370 0.0533
2454342 1 1.27 8.2 38.30 322.60 0.0257 0.0426 0.0303 0.3100 0.1380 0.0529
2454374 1 1.15 8.2 48.46 333.26 0.0434 0.0583 0.0791 0.1732 0.2143 0.1241
2454406 1 1.15 8.2 58.98 339.51 0.0607 0.0776 0.0997 0.1527 0.2551 0.1728
2454518 1 1.15 8.2 57.00 329.68 0.0927 0.1028 0.1079 0.1517 0.2487 0.2207
2454550 1 1.15 8.2 44.88 325.46 0.0625 0.0831 0.1109 0.1586 0.2913 0.2638
2454630 1 1.15 8.2 26.25 307.77 0.0662 0.0969 0.1169 0.2776 0.3389 0.2736
2454646 1 1.15 8.2 26.84 306.52 0.0288 0.0542 0.0370 0.4087 0.2012 0.0959
2454662 1 1.15 8.2 28.61 308.03 0.0208 0.0451 0.0213 0.4748 0.1643 0.0566
2454710 1 1.15 8.2 39.22 323.28 0.0359 0.0559 0.0344 0.4027 0.1679 0.0697
2454726 1 1.15 8.2 44.16 328.91 0.0358 0.0499 0.0428 0.2886 0.1530 0.0746
2454758 1 1.15 8.2 54.85 337.31 0.0506 0.0631 0.0767 0.1398 0.1949 0.1237
2454774 1 1.15 8.2 59.87 339.53 0.0624 0.0643 0.0843 0.1172 0.1283 0.0890
2454886 1 1.15 8.2 56.04 329.37 0.0819 0.0975 0.1271 0.2046 0.3100 0.2373
2455142 1 1.15 8.2 60.50 340.26 0.0569 0.0604 0.0895 0.1474 0.2052 0.1257
2455286 1 1.15 8.2 42.55 325.47 0.0819 0.1051 0.1415 0.2125 0.3322 0.2826
2455318 1 1.15 8.2 31.79 319.53 0.1007 0.1244 0.1769 0.2773 0.4266 0.3654
2455334 1 1.15 8.2 28.20 315.37 0.1088 0.1369 0.1879 0.2983 0.4484 0.3973
2455430 1 1.15 8.2 35.83 320.74 0.0275 0.0425 0.0294 0.3806 0.1700 0.0675
2455446 1 1.15 8.2 40.42 326.63 0.0295 0.0403 0.0428 0.2859 0.1910 0.0927
2455558 1 1.15 8.2 68.04 338.56 0.1221 0.1095 0.1344 0.1931 0.2025 0.1477
2455718 1 1.15 8.2 25.84 311.15 0.1068 0.1228 0.1579 0.2921 0.4179 0.3723
2455814 1 1.15 8.2 41.16 327.98 0.0266 0.0349 0.0327 0.3481 0.1428 0.0613
2455862 1 1.15 8.2 57.15 340.02 0.0914 0.1216 0.1888 0.3684 0.3977 0.2582
2456310 1 1.15 8.2 65.75 336.15 0.0962 0.0960 0.1209 0.1778 0.1905 0.1311
2456406 1 1.15 8.2 33.58 322.77 0.0796 0.0927 0.1299 0.2065 0.3326 0.2818
2456422 1 1.15 8.2 29.28 319.00 0.1433 0.1458 0.1837 0.2888 0.3726 0.2717
2456534 1 1.15 8.2 37.74 325.04 0.0306 0.0471 0.0292 0.4216 0.1755 0.0731
2456566 1 1.15 8.2 48.06 335.55 0.0463 0.0606 0.0867 0.1872 0.2359 0.1417
2456598 1 1.15 8.2 58.70 341.37 0.0887 0.1142 0.1649 0.2620 0.3524 0.2505
2456742 1 1.15 8.2 43.95 327.82 0.0915 0.1089 0.1486 0.2300 0.3289 0.2711
2456758 1 1.15 8.2 37.90 325.62 0.0947 0.1154 0.1560 0.2337 0.3532 0.3016
2456902 1 1.15 8.2 38.35 326.80 0.0149 0.0335 0.0207 0.3608 0.1554 0.0603
