60.0000 172.5567 1 80.0000 0.0000 2 0.2169 2.8105 0.2100 0.1110 0.0495 0.0105
60.0000 172.2987 1 80.0000 0.0000 2 0.2169 2.8108 0.2097 0.1109 0.0495 0.0105
60.0000 172.2987 1 80.0000 0.0000 2 0.2170 2.8116 0.2093 0.1108 0.0495 0.0105
60.0000 172.0417 1 80.0000 0.0000 2 0.2171 2.8127 0.2086 0.1106 0.0495 0.0105
60.0000 172.0417 1 80.0000 0.0000 2 0.2173 2.8143 0.2079 0.1104 0.0495 0.0105
60.0000 171.7866 1 80.0000 0.0000 2 0.2175 2.8163 0.2070 0.1101 0.0494 0.0105
60.0000 171.7866 1 80.0000 0.0000 2 0.2177 2.8188 0.2061 0.1097 0.0494 0.0104
60.0000 171.5339 1 80.0000 0.0000 2 0.2179 2.8218 0.2052 0.1092 0.0494 0.0104
60.0000 171.5339 1 80.0000 0.0000 2 0.2181 2.8252 0.2043 0.1087 0.0494 0.0104
60.0000 171.2844 1 80.0000 0.0000 2 0.2184 2.8291 0.2036 0.1082 0.0494 0.0103
60.0000 171.2844 1 80.0000 0.0000 2 0.2186 2.8335 0.2030 0.1076 0.0494 0.0103
60.0000 171.0387 1 80.0000 0.0000 2 0.2188 2.8382 0.2028 0.1069 0.0494 0.0103
60.0000 171.0387 1 80.0000 0.0000 2 0.2191 2.8433 0.2027 0.1062 0.0494 0.0102
60.0000 170.7975 1 80.0000 0.0000 2 0.2194 2.8487 0.2030 0.1055 0.0494 0.0102
60.0000 170.7975 1 80.0000 0.0000 2 0.2196 2.8543 0.2035 0.1048 0.0494 0.0101
60.0000 170.5614 1 80.0000 0.0000 2 0.2199 2.8601 0.2042 0.1040 0.0494 0.0101
60.0000 170.5614 1 80.0000 0.0000 2 0.2202 2.8660 0.2051 0.1032 0.0493 0.0101
60.0000 170.3310 1 80.0000 0.0000 2 0.2205 2.8719 0.2060 0.1024 0.0493 0.0100
60.0000 170.3310 1 80.0000 0.0000 2 0.2207 2.8778 0.2067 0.1015 0.0494 0.0100
60.0000 170.1068 1 80.0000 0.0000 2 0.2210 2.8836 0.2070 0.1007 0.0494 0.0099
60.0000 170.1068 1 80.0000 0.0000 2 0.2212 2.8894 0.2069 0.1000 0.0494 0.0099
60.0000 169.8894 1 80.0000 0.0000 2 0.2215 2.8949 0.2065 0.0992 0.0494 0.0098
60.0000 169.8894 1 80.0000 0.0000 2 0.2217 2.9003 0.2057 0.0986 0.0494 0.0098
60.0000 169.6793 1 80.0000 0.0000 2 0.2219 2.9055 0.2047 0.0979 0.0494 0.0098
60.0000 169.6793 1 80.0000 0.0000 2 0.2221 2.9105 0.2034 0.0972 0.0494 0.0098
60.0000 169.4770 1 80.0000 0.0000 2 0.2222 2.9152 0.2019 0.0966 0.0495 0.0097
60.0000 169.4770 1 80.0000 0.0000 2 0.2224 2.9196 0.2003 0.0959 0.0495 0.0097
60.0000 169.2828 1 80.0000 0.0000 2 0.2225 2.9238 0.1989 0.0952 0.0495 0.0097
60.0000 169.2828 1 80.0000 0.0000 2 0.2226 2.9277 0.1977 0.0945 0.0496 0.0097
60.0000 169.0972 1 80.0000 0.0000 2 0.2226 2.9313 0.1967 0.0939 0.0496 0.0097
60.0000 169.0972 1 80.0000 0.0000 2 0.2225 2.9347 0.1957 0.0933 0.0496 0.0097
60.0000 168.9205 1 80.0000 0.0000 2 0.2224 2.9378 0.1949 0.0927 0.0497 0.0097
60.0000 168.9205 1 80.0000 0.0000 2 0.2222 2.9406 0.1943 0.0922 0.0497 0.0097
60.0000 168.7530 1 80.0000 0.0000 2 0.2219 2.9431 0.1936 0.0917 0.0498 0.0097
60.0000 168.7530 1 80.0000 0.0000 2 0.2216 2.9454 0.1930 0.0913 0.0498 0.0097
60.0000 168.5950 1 80.0000 0.0000 2 0.2212 2.9474 0.1924 0.0908 0.0499 0.0097
60.0000 168.5950 1 80.0000 0.0000 2 0.2207 2.9491 0.1920 0.0903 0.0500 0.0097
60.0000 168.4467 1 80.0000 0.0000 2 0.2202 2.9505 0.1919 0.0898 0.0500 0.0097
60.0000 168.4467 1 80.0000 0.0000 2 0.2197 2.9515 0.1920 0.0894 0.0501 0.0098
60.0000 168.3082 1 80.0000 0.0000 2 0.2190 2.9521 0.1926 0.0890 0.0501 0.0098
60.0000 168.3082 1 80.0000 0.0000 2 0.2183 2.9521 0.1935 0.0887 0.0502 0.0098
60.0000 168.1797 1 80.0000 0.0000 2 0.2176 2.9514 0.1947 0.0884 0.0503 0.0099
60.0000 168.1797 1 80.0000 0.0000 2 0.2168 2.9501 0.1960 0.0883 0.0503 0.0099
60.0000 168.0613 1 80.0000 0.0000 2 0.2159 2.9482 0.1972 0.0882 0.0504 0.0100
60.0000 168.0613 1 80.0000 0.0000 2 0.2150 2.9455 0.1984 0.0882 0.0505 0.0100
60.0000 167.9530 1 80.0000 0.0000 2 0.2141 2.9422 0.1996 0.0883 0.0505 0.0101
60.0000 167.9530 1 80.0000 0.0000 2 0.2131 2.9382 0.2009 0.0885 0.0506 0.0101
60.0000 167.8548 1 80.0000 0.0000 2 0.2120 2.9335 0.2024 0.0889 0.0506 0.0102
60.0000 167.8548 1 80.0000 0.0000 2 0.2109 2.9281 0.2042 0.0894 0.0507 0.0103
60.0000 167.7666 1 80.0000 0.0000 2 0.2097 2.9220 0.2064 0.0900 0.0508 0.0103
60.0000 167.7666 1 80.0000 0.0000 2 0.2085 2.9152 0.2089 0.0907 0.0508 0.0104
60.0000 167.6883 1 80.0000 0.0000 2 0.2073 2.9078 0.2118 0.0915 0.0509 0.0105
60.0000 167.6883 1 80.0000 0.0000 2 0.2059 2.8997 0.2149 0.0924 0.0509 0.0106
60.0000 167.6198 1 80.0000 0.0000 2 0.2046 2.8910 0.2185 0.0934 0.0510 0.0107
60.0000 167.6198 1 80.0000 0.0000 2 0.2031 2.8818 0.2224 0.0946 0.0510 0.0107
60.0000 167.5609 1 80.0000 0.0000 2 0.2017 2.8721 0.2268 0.0958 0.0510 0.0108
60.0000 167.5609 1 80.0000 0.0000 2 0.2001 2.8620 0.2315 0.0972 0.0511 0.0109
60.0000 167.5113 1 80.0000 0.0000 2 0.1986 2.8516 0.2367 0.0988 0.0511 0.0110
60.0000 167.5113 1 80.0000 0.0000 2 0.1970 2.8408 0.2423 0.1004 0.0511 0.0111
60.0000 167.4708 1 80.0000 0.0000 2 0.1954 2.8298 0.2484 0.1022 0.0511 0.0112
60.0000 167.4708 1 80.0000 0.0000 2 0.1937 2.8186 0.2548 0.1040 0.0511 0.0113
60.0000 167.4391 1 80.0000 0.0000 2 0.1921 2.8075 0.2616 0.1060 0.0511 0.0114
60.0000 167.4391 1 80.0000 0.0000 2 0.1905 2.7963 0.2687 0.1081 0.0511 0.0115
60.0000 167.4157 1 80.0000 0.0000 2 0.1888 2.7852 0.2759 0.1103 0.0511 0.0116
60.0000 167.4157 1 80.0000 0.0000 2 0.1872 2.7741 0.2833 0.1127 0.0511 0.0117
60.0000 167.4004 1 80.0000 0.0000 2 0.1856 2.7631 0.2908 0.1152 0.0510 0.0118
60.0000 167.4004 1 80.0000 0.0000 2 0.1839 2.7523 0.2986 0.1178 0.0510 0.0119
60.0000 167.3927 1 80.0000 0.0000 2 0.1823 2.7415 0.3064 0.1205 0.0510 0.0120
60.0000 167.3927 1 80.0000 0.0000 2 0.1807 2.7308 0.3143 0.1232 0.0509 0.0121
60.0000 167.3920 1 80.0000 0.0000 2 0.1791 2.7201 0.3221 0.1261 0.0509 0.0123
60.0000 167.3920 1 80.0000 0.0000 2 0.1775 2.7095 0.3299 0.1290 0.0508 0.0124
60.0000 167.3979 1 80.0000 0.0000 2 0.1759 2.6988 0.3377 0.1320 0.0507 0.0125
60.0000 167.3979 1 80.0000 0.0000 2 0.1744 2.6881 0.3455 0.1351 0.0507 0.0126
60.0000 167.4099 1 80.0000 0.0000 2 0.1728 2.6772 0.3534 0.1383 0.0506 0.0128
60.0000 167.4099 1 80.0000 0.0000 2 0.1713 2.6663 0.3611 0.1417 0.0505 0.0129
60.0000 167.4273 1 80.0000 0.0000 2 0.1699 2.6551 0.3687 0.1451 0.0504 0.0130
60.0000 167.4273 1 80.0000 0.0000 2 0.1684 2.6437 0.3760 0.1486 0.0503 0.0131
60.0000 167.4496 1 80.0000 0.0000 2 0.1671 2.6320 0.3830 0.1522 0.0502 0.0133
60.0000 167.4496 1 80.0000 0.0000 2 0.1657 2.6200 0.3896 0.1558 0.0501 0.0134
60.0000 167.4760 1 80.0000 0.0000 2 0.1645 2.6076 0.3957 0.1596 0.0500 0.0135
60.0000 167.4760 1 80.0000 0.0000 2 0.1633 2.5947 0.4012 0.1633 0.0499 0.0137
60.0000 167.5058 1 80.0000 0.0000 2 0.1622 2.5813 0.4060 0.1672 0.0498 0.0138
60.0000 167.5058 1 80.0000 0.0000 2 0.1611 2.5673 0.4102 0.1711 0.0496 0.0140
60.0000 167.5384 1 80.0000 0.0000 2 0.1602 2.5527 0.4137 0.1751 0.0495 0.0141
60.0000 167.5384 1 80.0000 0.0000 2 0.1594 2.5372 0.4167 0.1790 0.0495 0.0143
60.0000 167.5729 1 80.0000 0.0000 2 0.1586 2.5211 0.4189 0.1830 0.0494 0.0144
60.0000 167.5729 1 80.0000 0.0000 2 0.1580 2.5041 0.4203 0.1870 0.0493 0.0146
60.0000 167.6085 1 80.0000 0.0000 2 0.1575 2.4865 0.4209 0.1909 0.0492 0.0147
60.0000 167.6085 1 80.0000 0.0000 2 0.1570 2.4681 0.4208 0.1948 0.0491 0.0149
60.0000 167.6444 1 80.0000 0.0000 2 0.1567 2.4490 0.4198 0.1986 0.0491 0.0151
60.0000 167.6444 1 80.0000 0.0000 2 0.1564 2.4293 0.4181 0.2024 0.0490 0.0153
60.0000 167.6796 1 80.0000 0.0000 2 0.1563 2.4089 0.4157 0.2061 0.0489 0.0154
60.0000 167.6796 1 80.0000 0.0000 2 0.1562 2.3879 0.4127 0.2097 0.0489 0.0156
60.0000 167.7132 1 80.0000 0.0000 2 0.1563 2.3664 0.4091 0.2133 0.0489 0.0158
60.0000 167.7132 1 80.0000 0.0000 2 0.1564 2.3443 0.4047 0.2167 0.0488 0.0160
60.0000 167.7442 1 80.0000 0.0000 2 0.1567 2.3216 0.3996 0.2200 0.0488 0.0162
60.0000 167.7442 1 80.0000 0.0000 2 0.1571 2.2985 0.3936 0.2231 0.0488 0.0164
60.0000 167.7716 1 80.0000 0.0000 2 0.1575 2.2750 0.3874 0.2260 0.0488 0.0166
60.0000 167.7716 1 80.0000 0.0000 2 0.1580 2.2511 0.3816 0.2287 0.0488 0.0168
60.0000 167.7944 1 80.0000 0.0000 2 0.1584 2.2270 0.3763 0.2313 0.0488 0.0170
60.0000 167.7944 1 80.0000 0.0000 2 0.1589 2.2027 0.3713 0.2337 0.0489 0.0173
60.0000 167.8114 1 80.0000 0.0000 2 0.1594 2.1783 0.3667 0.2359 0.0489 0.0175
60.0000 167.8114 1 80.0000 0.0000 2 0.1599 2.1539 0.3627 0.2379 0.0490 0.0178
60.0000 167.8215 1 80.0000 0.0000 2 0.1605 2.1296 0.3591 0.2398 0.0490 0.0180
60.0000 167.8215 1 80.0000 0.0000 2 0.1610 2.1054 0.3558 0.2416 0.0491 0.0183
60.0000 167.8236 1 80.0000 0.0000 2 0.1616 2.0815 0.3530 0.2432 0.0492 0.0186
60.0000 167.8236 1 80.0000 0.0000 2 0.1622 2.0577 0.3507 0.2447 0.0493 0.0189
60.0000 167.8164 1 80.0000 0.0000 2 0.1628 2.0343 0.3490 0.2462 0.0495 0.0192
60.0000 167.8164 1 80.0000 0.0000 2 0.1635 2.0112 0.3481 0.2475 0.0496 0.0195
60.0000 167.7988 1 80.0000 0.0000 2 0.1641 1.9884 0.3479 0.2488 0.0497 0.0198
60.0000 167.7988 1 80.0000 0.0000 2 0.1648 1.9661 0.3485 0.2499 0.0499 0.0201
60.0000 167.7695 1 80.0000 0.0000 2 0.1654 1.9443 0.3499 0.2510 0.0501 0.0204
60.0000 167.7695 1 80.0000 0.0000 2 0.1661 1.9229 0.3521 0.2520 0.0503 0.0208
60.0000 167.7274 1 80.0000 0.0000 2 0.1668 1.9021 0.3550 0.2528 0.0505 0.0211
60.0000 167.7274 1 80.0000 0.0000 2 0.1674 1.8818 0.3589 0.2534 0.0507 0.0215
60.0000 167.6712 1 80.0000 0.0000 2 0.1681 1.8622 0.3635 0.2540 0.0509 0.0219
60.0000 167.6712 1 80.0000 0.0000 2 0.1688 1.8433 0.3692 0.2544 0.0511 0.0223
60.0000 167.5997 1 80.0000 0.0000 2 0.1694 1.8254 0.3760 0.2547 0.0514 0.0226
60.0000 167.5997 1 80.0000 0.0000 2 0.1701 1.8083 0.3839 0.2549 0.0516 0.0230
60.0000 167.5119 1 80.0000 0.0000 2 0.1708 1.7922 0.3929 0.2550 0.0519 0.0234
60.0000 167.5119 1 80.0000 0.0000 2 0.1714 1.7771 0.4031 0.2550 0.0522 0.0239
60.0000 167.4066 1 80.0000 0.0000 2 0.1721 1.7631 0.4144 0.2548 0.0525 0.0243
60.0000 167.4066 1 80.0000 0.0000 2 0.1728 1.7501 0.4268 0.2545 0.0528 0.0247
60.0000 167.2829 1 80.0000 0.0000 2 0.1736 1.7382 0.4403 0.2541 0.0531 0.0251
60.0000 167.2829 1 80.0000 0.0000 2 0.1743 1.7273 0.4547 0.2536 0.0534 0.0256
60.0000 167.1398 1 80.0000 0.0000 2 0.1751 1.7175 0.4701 0.2530 0.0537 0.0260
60.0000 167.1398 1 80.0000 0.0000 2 0.1758 1.7086 0.4864 0.2523 0.0540 0.0264
60.0000 166.9765 1 80.0000 0.0000 2 0.1766 1.7006 0.5036 0.2515 0.0544 0.0269
60.0000 166.9765 1 80.0000 0.0000 2 0.1774 1.6936 0.5220 0.2506 0.0547 0.0273
60.0000 166.7924 1 80.0000 0.0000 2 0.1783 1.6875 0.5415 0.2495 0.0550 0.0278
60.0000 166.7924 1 80.0000 0.0000 2 0.1792 1.6824 0.5621 0.2484 0.0553 0.0282
60.0000 166.5872 1 80.0000 0.0000 2 0.1801 1.6782 0.5841 0.2471 0.0557 0.0286
60.0000 166.5872 1 80.0000 0.0000 2 0.1810 1.6749 0.6076 0.2458 0.0560 0.0291
60.0000 166.3604 1 80.0000 0.0000 2 0.1819 1.6725 0.6323 0.2443 0.0563 0.0295
60.0000 166.3604 1 80.0000 0.0000 2 0.1829 1.6711 0.6583 0.2429 0.0566 0.0299
60.0000 166.1121 1 80.0000 0.0000 2 0.1838 1.6706 0.6855 0.2413 0.0569 0.0303
60.0000 166.1121 1 80.0000 0.0000 2 0.1848 1.6709 0.7138 0.2396 0.0572 0.0307
60.0000 165.8426 1 80.0000 0.0000 2 0.1858 1.6720 0.7432 0.2379 0.0575 0.0311
60.0000 165.8426 1 80.0000 0.0000 2 0.1869 1.6740 0.7736 0.2360 0.0577 0.0315
60.0000 165.5523 1 80.0000 0.0000 2 0.1879 1.6766 0.8048 0.2342 0.0580 0.0319
60.0000 165.5523 1 80.0000 0.0000 2 0.1890 1.6798 0.8368 0.2322 0.0582 0.0322
60.0000 165.2421 1 80.0000 0.0000 2 0.1900 1.6836 0.8694 0.2303 0.0585 0.0326
60.0000 165.2421 1 80.0000 0.0000 2 0.1911 1.6879 0.9028 0.2283 0.0587 0.0329
60.0000 164.9132 1 80.0000 0.0000 2 0.1921 1.6927 0.9368 0.2263 0.0589 0.0332
60.0000 164.9132 1 80.0000 0.0000 2 0.1932 1.6980 0.9713 0.2243 0.0591 0.0334
60.0000 164.5670 1 80.0000 0.0000 2 0.1943 1.7038 1.0063 0.2222 0.0593 0.0337
60.0000 164.5670 1 80.0000 0.0000 2 0.1954 1.7101 1.0414 0.2200 0.0594 0.0339
60.0000 164.2054 1 80.0000 0.0000 2 0.1965 1.7169 1.0767 0.2176 0.0596 0.0341
60.0000 164.2054 1 80.0000 0.0000 2 0.1976 1.7243 1.1120 0.2153 0.0597 0.0343
60.0000 163.8306 1 80.0000 0.0000 2 0.1988 1.7322 1.1475 0.2128 0.0599 0.0344
60.0000 163.8306 1 80.0000 0.0000 2 0.2000 1.7408 1.1832 0.2103 0.0600 0.0346
60.0000 163.4451 1 80.0000 0.0000 2 0.2011 1.7500 1.2188 0.2077 0.0601 0.0347
60.0000 163.4451 1 80.0000 0.0000 2 0.2023 1.7597 1.2545 0.2051 0.0602 0.0347
60.0000 163.0517 1 80.0000 0.0000 2 0.2035 1.7700 1.2903 0.2025 0.0603 0.0348
60.0000 163.0517 1 80.0000 0.0000 2 0.2048 1.7808 1.3263 0.1998 0.0604 0.0348
60.0000 162.6537 1 80.0000 0.0000 2 0.2060 1.7921 1.3624 0.1970 0.0604 0.0349
60.0000 162.6537 1 80.0000 0.0000 2 0.2072 1.8037 1.3988 0.1941 0.0605 0.0349
60.0000 162.2543 1 80.0000 0.0000 2 0.2085 1.8156 1.4356 0.1912 0.0606 0.0349
60.0000 162.2543 1 80.0000 0.0000 2 0.2097 1.8278 1.4726 0.1883 0.0606 0.0348
60.0000 161.8570 1 80.0000 0.0000 2 0.2109 1.8401 1.5097 0.1854 0.0607 0.0348
60.0000 161.8570 1 80.0000 0.0000 2 0.2122 1.8525 1.5468 0.1825 0.0608 0.0348
60.0000 161.4657 1 80.0000 0.0000 2 0.2134 1.8651 1.5839 0.1795 0.0608 0.0347
60.0000 161.4657 1 80.0000 0.0000 2 0.2146 1.8777 1.6212 0.1765 0.0609 0.0347
60.0000 161.0841 1 80.0000 0.0000 2 0.2158 1.8903 1.6583 0.1735 0.0610 0.0346
60.0000 161.0841 1 80.0000 0.0000 2 0.2170 1.9029 1.6950 0.1706 0.0611 0.0345
60.0000 160.7160 1 80.0000 0.0000 2 0.2182 1.9153 1.7311 0.1676 0.0612 0.0344
60.0000 160.7160 1 80.0000 0.0000 2 0.2194 1.9277 1.7666 0.1646 0.0613 0.0344
60.0000 160.3651 1 80.0000 0.0000 2 0.2206 1.9400 1.8019 0.1616 0.0614 0.0343
60.0000 160.3651 1 80.0000 0.0000 2 0.2218 1.9522 1.8369 0.1586 0.0615 0.0342
60.0000 160.0349 1 80.0000 0.0000 2 0.2229 1.9644 1.8717 0.1557 0.0616 0.0341
60.0000 160.0349 1 80.0000 0.0000 2 0.2241 1.9765 1.9062 0.1528 0.0618 0.0341
60.0000 159.7289 1 80.0000 0.0000 2 0.2252 1.9886 1.9405 0.1499 0.0619 0.0340
60.0000 159.7289 1 80.0000 0.0000 2 0.2263 2.0007 1.9742 0.1470 0.0621 0.0339
60.0000 159.4503 1 80.0000 0.0000 2 0.2273 2.0128 2.0072 0.1442 0.0623 0.0339
60.0000 159.4503 1 80.0000 0.0000 2 0.2284 2.0249 2.0395 0.1414 0.0625 0.0339
60.0000 159.2019 1 80.0000 0.0000 2 0.2294 2.0370 2.0711 0.1387 0.0628 0.0338
60.0000 159.2019 1 80.0000 0.0000 2 0.2304 2.0491 2.1022 0.1360 0.0630 0.0338
60.0000 158.9861 1 80.0000 0.0000 2 0.2314 2.0613 2.1331 0.1334 0.0633 0.0338
60.0000 158.9861 1 80.0000 0.0000 2 0.2323 2.0734 2.1638 0.1308 0.0636 0.0339
60.0000 158.8052 1 80.0000 0.0000 2 0.2332 2.0856 2.1944 0.1284 0.0639 0.0339
60.0000 158.8052 1 80.0000 0.0000 2 0.2341 2.0979 2.2250 0.1260 0.0642 0.0340
60.0000 158.6607 1 80.0000 0.0000 2 0.2350 2.1103 2.2556 0.1237 0.0645 0.0340
60.0000 158.6607 1 80.0000 0.0000 2 0.2358 2.1229 2.2861 0.1216 0.0649 0.0341
60.0000 158.5541 1 80.0000 0.0000 2 0.2366 2.1356 2.3165 0.1195 0.0653 0.0343
60.0000 158.5541 1 80.0000 0.0000 2 0.2374 2.1486 2.3468 0.1176 0.0657 0.0344
60.0000 158.4862 1 80.0000 0.0000 2 0.2382 2.1619 2.3770 0.1158 0.0661 0.0346
60.0000 158.4862 1 80.0000 0.0000 2 0.2390 2.1755 2.4068 0.1140 0.0666 0.0348
60.0000 158.4575 1 80.0000 0.0000 2 0.2397 2.1894 2.4359 0.1124 0.0670 0.0350
60.0000 158.4575 1 80.0000 0.0000 2 0.2404 2.2036 2.4643 0.1109 0.0675 0.0352
60.0000 158.4682 1 80.0000 0.0000 2 0.2411 2.2179 2.4917 0.1095 0.0680 0.0354
60.0000 158.4682 1 80.0000 0.0000 2 0.2418 2.2325 2.5181 0.1083 0.0685 0.0357
60.0000 158.5180 1 80.0000 0.0000 2 0.2424 2.2471 2.5432 0.1073 0.0690 0.0360
60.0000 158.5180 1 80.0000 0.0000 2 0.2430 2.2619 2.5667 0.1064 0.0695 0.0363
60.0000 158.6063 1 80.0000 0.0000 2 0.2436 2.2767 2.5891 0.1056 0.0701 0.0366
60.0000 158.6063 1 80.0000 0.0000 2 0.2441 2.2916 2.6107 0.1050 0.0706 0.0370
60.0000 158.7322 1 80.0000 0.0000 2 0.2446 2.3064 2.6318 0.1045 0.0712 0.0373
60.0000 158.7322 1 80.0000 0.0000 2 0.2451 2.3213 2.6522 0.1041 0.0717 0.0377
60.0000 158.8946 1 80.0000 0.0000 2 0.2455 2.3361 2.6719 0.1039 0.0722 0.0380
60.0000 158.8946 1 80.0000 0.0000 2 0.2458 2.3507 2.6906 0.1038 0.0728 0.0384
60.0000 159.0921 1 80.0000 0.0000 2 0.2461 2.3652 2.7085 0.1038 0.0733 0.0387
60.0000 159.0921 1 80.0000 0.0000 2 0.2464 2.3796 2.7253 0.1040 0.0738 0.0391
60.0000 159.3230 1 80.0000 0.0000 2 0.2466 2.3937 2.7408 0.1044 0.0743 0.0395
60.0000 159.3230 1 80.0000 0.0000 2 0.2468 2.4075 2.7548 0.1049 0.0749 0.0399
60.0000 159.5857 1 80.0000 0.0000 2 0.2470 2.4210 2.7668 0.1056 0.0753 0.0403
60.0000 159.5857 1 80.0000 0.0000 2 0.2471 2.4341 2.7768 0.1065 0.0758 0.0407
60.0000 159.8782 1 80.0000 0.0000 2 0.2471 2.4468 2.7848 0.1075 0.0763 0.0411
60.0000 159.8782 1 80.0000 0.0000 2 0.2471 2.4591 2.7907 0.1086 0.0768 0.0415
60.0000 160.1986 1 80.0000 0.0000 2 0.2471 2.4709 2.7946 0.1097 0.0772 0.0419
60.0000 160.1986 1 80.0000 0.0000 2 0.2471 2.4822 2.7958 0.1110 0.0776 0.0423
60.0000 160.5448 1 80.0000 0.0000 2 0.2470 2.4931 2.7945 0.1124 0.0780 0.0428
60.0000 160.5448 1 80.0000 0.0000 2 0.2468 2.5037 2.7905 0.1139 0.0784 0.0432
60.0000 160.9146 1 80.0000 0.0000 2 0.2466 2.5140 2.7839 0.1155 0.0788 0.0436
60.0000 160.9146 1 80.0000 0.0000 2 0.2464 2.5241 2.7745 0.1173 0.0791 0.0440
60.0000 161.3060 1 80.0000 0.0000 2 0.2462 2.5341 2.7624 0.1191 0.0794 0.0444
60.0000 161.3060 1 80.0000 0.0000 2 0.2458 2.5439 2.7478 0.1209 0.0797 0.0448
60.0000 161.7168 1 80.0000 0.0000 2 0.2455 2.5537 2.7310 0.1229 0.0799 0.0452
60.0000 161.7168 1 80.0000 0.0000 2 0.2451 2.5633 2.7124 0.1249 0.0801 0.0455
60.0000 162.1448 1 80.0000 0.0000 2 0.2446 2.5727 2.6924 0.1269 0.0803 0.0459
60.0000 162.1448 1 80.0000 0.0000 2 0.2441 2.5819 2.6710 0.1290 0.0805 0.0462
60.0000 162.5880 1 80.0000 0.0000 2 0.2436 2.5908 2.6486 0.1310 0.0806 0.0465
60.0000 162.5880 1 80.0000 0.0000 2 0.2429 2.5994 2.6251 0.1332 0.0807 0.0468
60.0000 163.0443 1 80.0000 0.0000 2 0.2422 2.6077 2.6007 0.1353 0.0807 0.0471
60.0000 163.0443 1 80.0000 0.0000 2 0.2414 2.6157 2.5753 0.1375 0.0807 0.0474
60.0000 163.5117 1 80.0000 0.0000 2 0.2406 2.6232 2.5488 0.1397 0.0807 0.0477
60.0000 163.5117 1 80.0000 0.0000 2 0.2396 2.6304 2.5212 0.1420 0.0807 0.0479
60.0000 163.9883 1 80.0000 0.0000 2 0.2386 2.6372 2.4924 0.1442 0.0806 0.0482
60.0000 163.9883 1 80.0000 0.0000 2 0.2375 2.6436 2.4625 0.1464 0.0805 0.0484
60.0000 164.4722 1 80.0000 0.0000 2 0.2364 2.6495 2.4314 0.1486 0.0804 0.0486
60.0000 164.4722 1 80.0000 0.0000 2 0.2351 2.6550 2.3994 0.1509 0.0802 0.0488
60.0000 164.9616 1 80.0000 0.0000 2 0.2338 2.6598 2.3667 0.1532 0.0800 0.0490
60.0000 164.9616 1 80.0000 0.0000 2 0.2323 2.6641 2.3333 0.1555 0.0798 0.0491
60.0000 165.4549 1 80.0000 0.0000 2 0.2308 2.6677 2.2990 0.1577 0.0796 0.0493
60.0000 165.4549 1 80.0000 0.0000 2 0.2292 2.6706 2.2638 0.1599 0.0793 0.0494
60.0000 165.9504 1 80.0000 0.0000 2 0.2275 2.6728 2.2277 0.1621 0.0791 0.0495
60.0000 165.9504 1 80.0000 0.0000 2 0.2257 2.6741 2.1908 0.1643 0.0788 0.0496
60.0000 166.4465 1 80.0000 0.0000 2 0.2238 2.6746 2.1532 0.1664 0.0785 0.0497
60.0000 166.4465 1 80.0000 0.0000 2 0.2218 2.6742 2.1147 0.1686 0.0782 0.0499
60.0000 166.9418 1 80.0000 0.0000 2 0.2198 2.6729 2.0753 0.1707 0.0779 0.0500
60.0000 166.9418 1 80.0000 0.0000 2 0.2176 2.6706 2.0349 0.1728 0.0776 0.0501
60.0000 167.4350 1 80.0000 0.0000 2 0.2154 2.6674 1.9936 0.1749 0.0773 0.0502
60.0000 167.4350 1 80.0000 0.0000 2 0.2130 2.6634 1.9509 0.1770 0.0770 0.0503
60.0000 167.9247 1 80.0000 0.0000 2 0.2107 2.6585 1.9068 0.1792 0.0768 0.0505
60.0000 167.9247 1 80.0000 0.0000 2 0.2082 2.6528 1.8613 0.1813 0.0765 0.0507
60.0000 168.4097 1 80.0000 0.0000 2 0.2057 2.6463 1.8152 0.1835 0.0763 0.0509
60.0000 168.4097 1 80.0000 0.0000 2 0.2032 2.6391 1.7690 0.1857 0.0760 0.0511
60.0000 168.8890 1 80.0000 0.0000 2 0.2006 2.6312 1.7230 0.1878 0.0758 0.0512
60.0000 168.8890 1 80.0000 0.0000 2 0.1980 2.6226 1.6772 0.1900 0.0755 0.0514
60.0000 169.3614 1 80.0000 0.0000 2 0.1953 2.6134 1.6315 0.1922 0.0753 0.0516
60.0000 169.3614 1 80.0000 0.0000 2 0.1925 2.6035 1.5862 0.1943 0.0750 0.0517
60.0000 169.8260 1 80.0000 0.0000 2 0.1898 2.5930 1.5412 0.1965 0.0747 0.0519
60.0000 169.8260 1 80.0000 0.0000 2 0.1869 2.5819 1.4967 0.1987 0.0743 0.0520
60.0000 170.2818 1 80.0000 0.0000 2 0.1841 2.5703 1.4523 0.2008 0.0740 0.0520
60.0000 170.2818 1 80.0000 0.0000 2 0.1813 2.5580 1.4083 0.2029 0.0736 0.0521
60.0000 170.7281 1 80.0000 0.0000 2 0.1784 2.5453 1.3647 0.2050 0.0731 0.0521
60.0000 170.7281 1 80.0000 0.0000 2 0.1755 2.5320 1.3216 0.2070 0.0727 0.0521
60.0000 171.1639 1 80.0000 0.0000 2 0.1726 2.5184 1.2790 0.2091 0.0722 0.0520
60.0000 171.1639 1 80.0000 0.0000 2 0.1697 2.5044 1.2371 0.2111 0.0717 0.0519
60.0000 171.5886 1 80.0000 0.0000 2 0.1668 2.4902 1.1958 0.2130 0.0711 0.0518
60.0000 171.5886 1 80.0000 0.0000 2 0.1639 2.4758 1.1552 0.2149 0.0705 0.0516
60.0000 172.0016 1 80.0000 0.0000 2 0.1610 2.4611 1.1153 0.2168 0.0699 0.0514
60.0000 172.0016 1 80.0000 0.0000 2 0.1582 2.4463 1.0762 0.2186 0.0693 0.0512
60.0000 172.4020 1 80.0000 0.0000 2 0.1554 2.4314 1.0377 0.2204 0.0686 0.0510
60.0000 172.4020 1 80.0000 0.0000 2 0.1526 2.4162 1.0000 0.2222 0.0679 0.0507
60.0000 172.7895 1 80.0000 0.0000 2 0.1498 2.4010 0.9631 0.2238 0.0672 0.0503
60.0000 172.7895 1 80.0000 0.0000 2 0.1471 2.3856 0.9270 0.2255 0.0665 0.0500
60.0000 173.1634 1 80.0000 0.0000 2 0.1444 2.3701 0.8917 0.2270 0.0657 0.0496
60.0000 173.1634 1 80.0000 0.0000 2 0.1418 2.3545 0.8571 0.2285 0.0649 0.0492
60.0000 173.5231 1 80.0000 0.0000 2 0.1393 2.3388 0.8233 0.2300 0.0642 0.0487
60.0000 173.5231 1 80.0000 0.0000 2 0.1369 2.3230 0.7904 0.2314 0.0634 0.0482
60.0000 173.8684 1 80.0000 0.0000 2 0.1345 2.3071 0.7584 0.2328 0.0626 0.0477
60.0000 173.8684 1 80.0000 0.0000 2 0.1323 2.2912 0.7272 0.2341 0.0617 0.0471
60.0000 174.1986 1 80.0000 0.0000 2 0.1302 2.2752 0.6968 0.2353 0.0609 0.0466
60.0000 174.1986 1 80.0000 0.0000 2 0.1282 2.2591 0.6672 0.2364 0.0601 0.0460
60.0000 174.5135 1 80.0000 0.0000 2 0.1263 2.2429 0.6383 0.2375 0.0593 0.0453
60.0000 174.5135 1 80.0000 0.0000 2 0.1245 2.2267 0.6101 0.2385 0.0585 0.0447
60.0000 174.8126 1 80.0000 0.0000 2 0.1229 2.2105 0.5826 0.2395 0.0576 0.0440
60.0000 174.8126 1 80.0000 0.0000 2 0.1215 2.1942 0.5561 0.2404 0.0568 0.0433
60.0000 175.0956 1 80.0000 0.0000 2 0.1201 2.1779 0.5307 0.2412 0.0560 0.0426
60.0000 175.0956 1 80.0000 0.0000 2 0.1190 2.1616 0.5065 0.2419 0.0552 0.0419
60.0000 175.3623 1 80.0000 0.0000 2 0.1180 2.1452 0.4833 0.2424 0.0544 0.0412
60.0000 175.3623 1 80.0000 0.0000 2 0.1171 2.1286 0.4612 0.2429 0.0537 0.0404
60.0000 175.6123 1 80.0000 0.0000 2 0.1164 2.1119 0.4400 0.2432 0.0529 0.0396
60.0000 175.6123 1 80.0000 0.0000 2 0.1158 2.0951 0.4198 0.2435 0.0522 0.0389
60.0000 175.8454 1 80.0000 0.0000 2 0.1154 2.0782 0.4007 0.2437 0.0515 0.0381
60.0000 175.8454 1 80.0000 0.0000 2 0.1151 2.0611 0.3825 0.2437 0.0508 0.0373
60.0000 176.0614 1 80.0000 0.0000 2 0.1149 2.0440 0.3651 0.2437 0.0501 0.0365
60.0000 176.0614 1 80.0000 0.0000 2 0.1149 2.0268 0.3487 0.2437 0.0495 0.0357
60.0000 176.2601 1 80.0000 0.0000 2 0.1150 2.0096 0.3333 0.2435 0.0489 0.0350
60.0000 176.2601 1 80.0000 0.0000 2 0.1153 1.9924 0.3191 0.2433 0.0483 0.0342
60.0000 176.4414 1 80.0000 0.0000 2 0.1157 1.9751 0.3058 0.2430 0.0477 0.0334
60.0000 176.4414 1 80.0000 0.0000 2 0.1162 1.9580 0.2936 0.2426 0.0471 0.0327
60.0000 176.6051 1 80.0000 0.0000 2 0.1168 1.9410 0.2823 0.2422 0.0466 0.0319
60.0000 176.6051 1 80.0000 0.0000 2 0.1176 1.9242 0.2717 0.2418 0.0461 0.0312
60.0000 176.7511 1 80.0000 0.0000 2 0.1185 1.9076 0.2617 0.2412 0.0457 0.0305
60.0000 176.7511 1 80.0000 0.0000 2 0.1195 1.8912 0.2523 0.2406 0.0452 0.0298
60.0000 176.8795 1 80.0000 0.0000 2 0.1207 1.8750 0.2435 0.2400 0.0448 0.0291
60.0000 176.8795 1 80.0000 0.0000 2 0.1220 1.8590 0.2353 0.2392 0.0444 0.0285
60.0000 176.9902 1 80.0000 0.0000 2 0.1233 1.8433 0.2278 0.2384 0.0441 0.0278
60.0000 176.9902 1 80.0000 0.0000 2 0.1248 1.8278 0.2209 0.2375 0.0437 0.0272
60.0000 177.0832 1 80.0000 0.0000 2 0.1263 1.8126 0.2147 0.2365 0.0434 0.0266
60.0000 177.0832 1 80.0000 0.0000 2 0.1279 1.7978 0.2092 0.2354 0.0431 0.0261
60.0000 177.1585 1 80.0000 0.0000 2 0.1296 1.7833 0.2043 0.2344 0.0428 0.0256
60.0000 177.1585 1 80.0000 0.0000 2 0.1314 1.7693 0.2000 0.2332 0.0426 0.0250
60.0000 177.2164 1 80.0000 0.0000 2 0.1332 1.7556 0.1961 0.2320 0.0423 0.0246
60.0000 177.2164 1 80.0000 0.0000 2 0.1351 1.7423 0.1926 0.2307 0.0421 0.0241
60.0000 177.2568 1 80.0000 0.0000 2 0.1371 1.7295 0.1895 0.2294 0.0419 0.0237
60.0000 177.2568 1 80.0000 0.0000 2 0.1392 1.7170 0.1869 0.2279 0.0418 0.0233
60.0000 177.2801 1 80.0000 0.0000 2 0.1413 1.7050 0.1846 0.2264 0.0416 0.0229
60.0000 177.2801 1 80.0000 0.0000 2 0.1434 1.6935 0.1825 0.2247 0.0415 0.0226
60.0000 177.2863 1 80.0000 0.0000 2 0.1456 1.6825 0.1808 0.2230 0.0413 0.0223
60.0000 177.2863 1 80.0000 0.0000 2 0.1479 1.6718 0.1793 0.2212 0.0412 0.0220
60.0000 177.2758 1 80.0000 0.0000 2 0.1502 1.6616 0.1781 0.2192 0.0411 0.0217
60.0000 177.2758 1 80.0000 0.0000 2 0.1525 1.6519 0.1770 0.2171 0.0411 0.0215
60.0000 177.2488 1 80.0000 0.0000 2 0.1548 1.6425 0.1761 0.2148 0.0410 0.0213
60.0000 177.2488 1 80.0000 0.0000 2 0.1571 1.6336 0.1753 0.2124 0.0409 0.0211
60.0000 177.2057 1 80.0000 0.0000 2 0.1595 1.6250 0.1748 0.2099 0.0409 0.0209
60.0000 177.2057 1 80.0000 0.0000 2 0.1618 1.6169 0.1744 0.2072 0.0409 0.0208
60.0000 177.1468 1 80.0000 0.0000 2 0.1642 1.6092 0.1741 0.2044 0.0409 0.0207
60.0000 177.1468 1 80.0000 0.0000 2 0.1666 1.6019 0.1738 0.2015 0.0409 0.0206
60.0000 177.0725 1 80.0000 0.0000 2 0.1690 1.5949 0.1735 0.1984 0.0409 0.0205
60.0000 177.0725 1 80.0000 0.0000 2 0.1714 1.5883 0.1732 0.1951 0.0409 0.0205
60.0000 176.9833 1 80.0000 0.0000 2 0.1738 1.5820 0.1730 0.1918 0.0410 0.0204
60.0000 176.9833 1 80.0000 0.0000 2 0.1762 1.5760 0.1727 0.1883 0.0411 0.0204
60.0000 176.8797 1 80.0000 0.0000 2 0.1786 1.5703 0.1725 0.1847 0.0411 0.0205
60.0000 176.8797 1 80.0000 0.0000 2 0.1810 1.5649 0.1722 0.1809 0.0412 0.0205
60.0000 176.7621 1 80.0000 0.0000 2 0.1833 1.5598 0.1718 0.1770 0.0413 0.0206
60.0000 176.7621 1 80.0000 0.0000 2 0.1856 1.5552 0.1713 0.1728 0.0414 0.0206
60.0000 176.6310 1 80.0000 0.0000 2 0.1880 1.5510 0.1708 0.1685 0.0416 0.0207
60.0000 176.6310 1 80.0000 0.0000 2 0.1903 1.5474 0.1700 0.1640 0.0417 0.0208
60.0000 176.4871 1 80.0000 0.0000 2 0.1925 1.5442 0.1690 0.1593 0.0419 0.0209
60.0000 176.4871 1 80.0000 0.0000 2 0.1948 1.5414 0.1677 0.1544 0.0421 0.0210
60.0000 176.3310 1 80.0000 0.0000 2 0.1970 1.5391 0.1659 0.1494 0.0423 0.0212
60.0000 176.3310 1 80.0000 0.0000 2 0.1992 1.5372 0.1638 0.1443 0.0425 0.0213
60.0000 176.1632 1 80.0000 0.0000 2 0.2013 1.5357 0.1613 0.1390 0.0427 0.0215
60.0000 176.1632 1 80.0000 0.0000 2 0.2034 1.5345 0.1587 0.1337 0.0429 0.0217
60.0000 175.9843 1 80.0000 0.0000 2 0.2054 1.5336 0.1558 0.1282 0.0432 0.0219
60.0000 175.9843 1 80.0000 0.0000 2 0.2074 1.5330 0.1526 0.1227 0.0435 0.0221
60.0000 175.7952 1 80.0000 0.0000 2 0.2093 1.5327 0.1493 0.1171 0.0438 0.0223
60.0000 175.7952 1 80.0000 0.0000 2 0.2112 1.5326 0.1457 0.1114 0.0441 0.0225
60.0000 175.5963 1 80.0000 0.0000 2 0.2130 1.5327 0.1421 0.1058 0.0444 0.0227
60.0000 175.5963 1 80.0000 0.0000 2 0.2148 1.5330 0.1383 0.1001 0.0447 0.0230
60.0000 175.3885 1 80.0000 0.0000 2 0.2165 1.5333 0.1344 0.0945 0.0451 0.0232
60.0000 175.3885 1 80.0000 0.0000 2 0.2182 1.5337 0.1305 0.0889 0.0455 0.0235
60.0000 175.1724 1 80.0000 0.0000 2 0.2198 1.5340 0.1265 0.0833 0.0458 0.0237
60.0000 175.1724 1 80.0000 0.0000 2 0.2213 1.5344 0.1225 0.0779 0.0462 0.0240
60.0000 174.9487 1 80.0000 0.0000 2 0.2228 1.5346 0.1185 0.0726 0.0466 0.0243
60.0000 174.9487 1 80.0000 0.0000 2 0.2242 1.5348 0.1147 0.0675 0.0470 0.0245
60.0000 174.7182 1 80.0000 0.0000 2 0.2255 1.5347 0.1112 0.0628 0.0474 0.0248
60.0000 174.7182 1 80.0000 0.0000 2 0.2267 1.5345 0.1080 0.0582 0.0478 0.0251
60.0000 174.4816 1 80.0000 0.0000 2 0.2279 1.5342 0.1054 0.0541 0.0482 0.0253
60.0000 174.4816 1 80.0000 0.0000 2 0.2289 1.5338 0.1036 0.0502 0.0486 0.0256
60.0000 174.2397 1 80.0000 0.0000 2 0.2298 1.5333 0.1026 0.0468 0.0490 0.0258
60.0000 174.2397 1 80.0000 0.0000 2 0.2307 1.5327 0.1026 0.0437 0.0493 0.0260
60.0000 173.9931 1 80.0000 0.0000 2 0.2314 1.5322 0.1035 0.0411 0.0497 0.0262
60.0000 173.9931 1 80.0000 0.0000 2 0.2321 1.5316 0.1050 0.0388 0.0500 0.0264
60.0000 173.7428 1 80.0000 0.0000 2 0.2327 1.5311 0.1071 0.0368 0.0503 0.0265
60.0000 173.7428 1 80.0000 0.0000 2 0.2332 1.5307 0.1094 0.0351 0.0506 0.0267
60.0000 173.4893 1 80.0000 0.0000 2 0.2337 1.5304 0.1117 0.0336 0.0508 0.0268
60.0000 173.4893 1 80.0000 0.0000 2 0.2341 1.5303 0.1140 0.0324 0.0511 0.0270
60.0000 173.2335 1 80.0000 0.0000 2 0.2344 1.5302 0.1159 0.0314 0.0513 0.0271
60.0000 173.2335 1 80.0000 0.0000 2 0.2347 1.5302 0.1175 0.0306 0.0514 0.0272
60.0000 172.9761 1 80.0000 0.0000 2 0.2349 1.5302 0.1187 0.0299 0.0516 0.0272
60.0000 172.9761 1 80.0000 0.0000 2 0.2351 1.5303 0.1195 0.0295 0.0517 0.0273
60.0000 172.7179 1 80.0000 0.0000 2 0.2352 1.5304 0.1200 0.0292 0.0518 0.0273
60.0000 172.7179 1 80.0000 0.0000 2 0.2352 1.5305 0.1203 0.0290 0.0518 0.0273
