60.0000 172.5233 1 80.0000 0.0000 2 0.1293 1.2741 0.1672 0.2230 0.0398 0.0221
60.0000 172.2654 1 80.0000 0.0000 2 0.1293 1.2742 0.1674 0.2229 0.0398 0.0221
60.0000 172.2654 1 80.0000 0.0000 2 0.1294 1.2744 0.1678 0.2227 0.0398 0.0220
60.0000 172.0086 1 80.0000 0.0000 2 0.1294 1.2746 0.1683 0.2224 0.0398 0.0220
60.0000 172.0086 1 80.0000 0.0000 2 0.1295 1.2750 0.1691 0.2219 0.0398 0.0220
60.0000 171.7538 1 80.0000 0.0000 2 0.1295 1.2754 0.1702 0.2213 0.0398 0.0219
60.0000 171.7538 1 80.0000 0.0000 2 0.1296 1.2759 0.1714 0.2206 0.0397 0.0218
60.0000 171.5015 1 80.0000 0.0000 2 0.1296 1.2764 0.1729 0.2198 0.0397 0.0218
60.0000 171.5015 1 80.0000 0.0000 2 0.1297 1.2771 0.1746 0.2188 0.0397 0.0217
60.0000 171.2524 1 80.0000 0.0000 2 0.1297 1.2778 0.1765 0.2177 0.0397 0.0216
60.0000 171.2524 1 80.0000 0.0000 2 0.1297 1.2787 0.1784 0.2164 0.0397 0.0215
60.0000 171.0073 1 80.0000 0.0000 2 0.1297 1.2798 0.1804 0.2151 0.0397 0.0214
60.0000 171.0073 1 80.0000 0.0000 2 0.1297 1.2811 0.1824 0.2137 0.0397 0.0213
60.0000 170.7668 1 80.0000 0.0000 2 0.1296 1.2826 0.1843 0.2122 0.0397 0.0212
60.0000 170.7668 1 80.0000 0.0000 2 0.1295 1.2843 0.1861 0.2106 0.0396 0.0211
60.0000 170.5314 1 80.0000 0.0000 2 0.1294 1.2862 0.1877 0.2090 0.0396 0.0210
60.0000 170.5314 1 80.0000 0.0000 2 0.1292 1.2883 0.1891 0.2073 0.0396 0.0209
60.0000 170.3018 1 80.0000 0.0000 2 0.1290 1.2907 0.1903 0.2056 0.0396 0.0208
60.0000 170.3018 1 80.0000 0.0000 2 0.1288 1.2932 0.1913 0.2039 0.0396 0.0207
60.0000 170.0785 1 80.0000 0.0000 2 0.1286 1.2958 0.1921 0.2022 0.0396 0.0205
60.0000 170.0785 1 80.0000 0.0000 2 0.1283 1.2984 0.1925 0.2004 0.0396 0.0204
60.0000 169.8620 1 80.0000 0.0000 2 0.1279 1.3010 0.1927 0.1987 0.0396 0.0204
60.0000 169.8620 1 80.0000 0.0000 2 0.1275 1.3034 0.1926 0.1970 0.0395 0.0203
60.0000 169.6529 1 80.0000 0.0000 2 0.1271 1.3058 0.1922 0.1953 0.0395 0.0202
60.0000 169.6529 1 80.0000 0.0000 2 0.1267 1.3081 0.1915 0.1937 0.0395 0.0201
60.0000 169.4516 1 80.0000 0.0000 2 0.1262 1.3103 0.1904 0.1921 0.0395 0.0201
60.0000 169.4516 1 80.0000 0.0000 2 0.1257 1.3122 0.1891 0.1905 0.0395 0.0200
60.0000 169.2586 1 80.0000 0.0000 2 0.1251 1.3140 0.1876 0.1889 0.0395 0.0200
60.0000 169.2586 1 80.0000 0.0000 2 0.1245 1.3154 0.1858 0.1874 0.0394 0.0199
60.0000 169.0741 1 80.0000 0.0000 2 0.1238 1.3165 0.1838 0.1859 0.0394 0.0199
60.0000 169.0741 1 80.0000 0.0000 2 0.1230 1.3172 0.1815 0.1844 0.0394 0.0199
60.0000 168.8986 1 80.0000 0.0000 2 0.1222 1.3176 0.1790 0.1830 0.0394 0.0199
60.0000 168.8986 1 80.0000 0.0000 2 0.1213 1.3176 0.1764 0.1816 0.0394 0.0199
60.0000 168.7324 1 80.0000 0.0000 2 0.1204 1.3172 0.1735 0.1802 0.0394 0.0199
60.0000 168.7324 1 80.0000 0.0000 2 0.1195 1.3164 0.1706 0.1789 0.0393 0.0199
60.0000 168.5757 1 80.0000 0.0000 2 0.1185 1.3152 0.1676 0.1776 0.0393 0.0200
60.0000 168.5757 1 80.0000 0.0000 2 0.1175 1.3135 0.1646 0.1763 0.0393 0.0200
60.0000 168.4286 1 80.0000 0.0000 2 0.1165 1.3113 0.1617 0.1750 0.0393 0.0201
60.0000 168.4286 1 80.0000 0.0000 2 0.1154 1.3088 0.1589 0.1737 0.0393 0.0202
60.0000 168.2915 1 80.0000 0.0000 2 0.1143 1.3058 0.1563 0.1724 0.0393 0.0202
60.0000 168.2915 1 80.0000 0.0000 2 0.1132 1.3025 0.1538 0.1711 0.0393 0.0203
60.0000 168.1644 1 80.0000 0.0000 2 0.1120 1.2989 0.1516 0.1698 0.0393 0.0204
60.0000 168.1644 1 80.0000 0.0000 2 0.1109 1.2949 0.1495 0.1685 0.0393 0.0205
60.0000 168.0473 1 80.0000 0.0000 2 0.1097 1.2904 0.1477 0.1671 0.0393 0.0206
60.0000 168.0473 1 80.0000 0.0000 2 0.1085 1.2855 0.1459 0.1658 0.0393 0.0207
60.0000 167.9403 1 80.0000 0.0000 2 0.1074 1.2801 0.1443 0.1644 0.0393 0.0208
60.0000 167.9403 1 80.0000 0.0000 2 0.1062 1.2742 0.1428 0.1630 0.0393 0.0209
60.0000 167.8434 1 80.0000 0.0000 2 0.1050 1.2677 0.1414 0.1616 0.0393 0.0210
60.0000 167.8434 1 80.0000 0.0000 2 0.1038 1.2609 0.1401 0.1601 0.0393 0.0211
60.0000 167.7565 1 80.0000 0.0000 2 0.1027 1.2537 0.1389 0.1585 0.0393 0.0213
60.0000 167.7565 1 80.0000 0.0000 2 0.1015 1.2464 0.1380 0.1569 0.0393 0.0214
60.0000 167.6795 1 80.0000 0.0000 2 0.1003 1.2389 0.1374 0.1553 0.0393 0.0215
60.0000 167.6795 1 80.0000 0.0000 2 0.0991 1.2314 0.1371 0.1536 0.0393 0.0217
60.0000 167.6123 1 80.0000 0.0000 2 0.0979 1.2239 0.1372 0.1518 0.0393 0.0218
60.0000 167.6123 1 80.0000 0.0000 2 0.0968 1.2165 0.1377 0.1500 0.0393 0.0220
60.0000 167.5546 1 80.0000 0.0000 2 0.0956 1.2092 0.1386 0.1482 0.0393 0.0221
60.0000 167.5546 1 80.0000 0.0000 2 0.0945 1.2022 0.1400 0.1463 0.0394 0.0222
60.0000 167.5063 1 80.0000 0.0000 2 0.0934 1.1955 0.1417 0.1444 0.0394 0.0223
60.0000 167.5063 1 80.0000 0.0000 2 0.0924 1.1890 0.1438 0.1425 0.0394 0.0224
60.0000 167.4669 1 80.0000 0.0000 2 0.0913 1.1829 0.1462 0.1405 0.0394 0.0225
60.0000 167.4669 1 80.0000 0.0000 2 0.0904 1.1774 0.1488 0.1385 0.0395 0.0227
60.0000 167.4363 1 80.0000 0.0000 2 0.0895 1.1724 0.1515 0.1365 0.0395 0.0227
60.0000 167.4363 1 80.0000 0.0000 2 0.0887 1.1681 0.1543 0.1346 0.0396 0.0228
60.0000 167.4140 1 80.0000 0.0000 2 0.0880 1.1644 0.1572 0.1326 0.0396 0.0229
60.0000 167.4140 1 80.0000 0.0000 2 0.0874 1.1614 0.1601 0.1307 0.0396 0.0230
60.0000 167.3997 1 80.0000 0.0000 2 0.0868 1.1590 0.1632 0.1288 0.0397 0.0231
60.0000 167.3997 1 80.0000 0.0000 2 0.0864 1.1571 0.1666 0.1269 0.0397 0.0231
60.0000 167.3929 1 80.0000 0.0000 2 0.0860 1.1558 0.1703 0.1250 0.0398 0.0232
60.0000 167.3929 1 80.0000 0.0000 2 0.0857 1.1550 0.1744 0.1231 0.0398 0.0233
60.0000 167.3931 1 80.0000 0.0000 2 0.0854 1.1545 0.1790 0.1213 0.0398 0.0233
60.0000 167.3931 1 80.0000 0.0000 2 0.0853 1.1543 0.1841 0.1195 0.0399 0.0233
60.0000 167.3998 1 80.0000 0.0000 2 0.0852 1.1546 0.1895 0.1177 0.0399 0.0234
60.0000 167.3998 1 80.0000 0.0000 2 0.0851 1.1551 0.1953 0.1160 0.0399 0.0234
60.0000 167.4125 1 80.0000 0.0000 2 0.0852 1.1560 0.2012 0.1142 0.0400 0.0234
60.0000 167.4125 1 80.0000 0.0000 2 0.0854 1.1573 0.2072 0.1125 0.0400 0.0235
60.0000 167.4305 1 80.0000 0.0000 2 0.0856 1.1588 0.2133 0.1109 0.0401 0.0235
60.0000 167.4305 1 80.0000 0.0000 2 0.0860 1.1608 0.2194 0.1092 0.0401 0.0235
60.0000 167.4533 1 80.0000 0.0000 2 0.0865 1.1630 0.2255 0.1076 0.0402 0.0236
60.0000 167.4533 1 80.0000 0.0000 2 0.0870 1.1656 0.2316 0.1059 0.0402 0.0236
60.0000 167.4802 1 80.0000 0.0000 2 0.0877 1.1685 0.2377 0.1044 0.0403 0.0236
60.0000 167.4802 1 80.0000 0.0000 2 0.0884 1.1717 0.2441 0.1028 0.0403 0.0237
60.0000 167.5103 1 80.0000 0.0000 2 0.0891 1.1753 0.2507 0.1012 0.0404 0.0237
60.0000 167.5103 1 80.0000 0.0000 2 0.0899 1.1791 0.2577 0.0996 0.0404 0.0237
60.0000 167.5431 1 80.0000 0.0000 2 0.0908 1.1833 0.2650 0.0980 0.0405 0.0238
60.0000 167.5431 1 80.0000 0.0000 2 0.0918 1.1879 0.2727 0.0964 0.0406 0.0238
60.0000 167.5778 1 80.0000 0.0000 2 0.0928 1.1928 0.2808 0.0948 0.0406 0.0238
60.0000 167.5778 1 80.0000 0.0000 2 0.0939 1.1983 0.2892 0.0932 0.0407 0.0239
60.0000 167.6134 1 80.0000 0.0000 2 0.0950 1.2043 0.2979 0.0917 0.0408 0.0239
60.0000 167.6134 1 80.0000 0.0000 2 0.0962 1.2108 0.3067 0.0901 0.0408 0.0240
60.0000 167.6491 1 80.0000 0.0000 2 0.0974 1.2180 0.3156 0.0886 0.0409 0.0240
60.0000 167.6491 1 80.0000 0.0000 2 0.0987 1.2257 0.3243 0.0872 0.0410 0.0241
60.0000 167.6841 1 80.0000 0.0000 2 0.1000 1.2341 0.3329 0.0857 0.0411 0.0241
60.0000 167.6841 1 80.0000 0.0000 2 0.1014 1.2433 0.3411 0.0843 0.0412 0.0242
60.0000 167.7173 1 80.0000 0.0000 2 0.1029 1.2533 0.3489 0.0830 0.0413 0.0243
60.0000 167.7173 1 80.0000 0.0000 2 0.1044 1.2642 0.3562 0.0817 0.0414 0.0244
60.0000 167.7478 1 80.0000 0.0000 2 0.1059 1.2760 0.3629 0.0804 0.0415 0.0244
60.0000 167.7478 1 80.0000 0.0000 2 0.1075 1.2889 0.3691 0.0793 0.0416 0.0245
60.0000 167.7746 1 80.0000 0.0000 2 0.1092 1.3028 0.3746 0.0782 0.0418 0.0246
60.0000 167.7746 1 80.0000 0.0000 2 0.1109 1.3177 0.3796 0.0772 0.0419 0.0247
60.0000 167.7965 1 80.0000 0.0000 2 0.1126 1.3337 0.3842 0.0762 0.0421 0.0247
60.0000 167.7965 1 80.0000 0.0000 2 0.1143 1.3508 0.3886 0.0753 0.0422 0.0248
60.0000 167.8125 1 80.0000 0.0000 2 0.1159 1.3689 0.3927 0.0745 0.0424 0.0249
60.0000 167.8125 1 80.0000 0.0000 2 0.1176 1.3882 0.3967 0.0738 0.0426 0.0250
60.0000 167.8215 1 80.0000 0.0000 2 0.1193 1.4085 0.4005 0.0732 0.0427 0.0251
60.0000 167.8215 1 80.0000 0.0000 2 0.1209 1.4298 0.4041 0.0726 0.0429 0.0252
60.0000 167.8222 1 80.0000 0.0000 2 0.1225 1.4520 0.4075 0.0722 0.0431 0.0253
60.0000 167.8222 1 80.0000 0.0000 2 0.1240 1.4751 0.4107 0.0718 0.0433 0.0254
60.0000 167.8136 1 80.0000 0.0000 2 0.1255 1.4991 0.4137 0.0715 0.0435 0.0255
60.0000 167.8136 1 80.0000 0.0000 2 0.1270 1.5239 0.4167 0.0712 0.0437 0.0256
60.0000 167.7943 1 80.0000 0.0000 2 0.1285 1.5493 0.4196 0.0710 0.0440 0.0258
60.0000 167.7943 1 80.0000 0.0000 2 0.1299 1.5753 0.4226 0.0709 0.0442 0.0259
60.0000 167.7632 1 80.0000 0.0000 2 0.1313 1.6019 0.4258 0.0709 0.0444 0.0260
60.0000 167.7632 1 80.0000 0.0000 2 0.1326 1.6288 0.4293 0.0709 0.0447 0.0262
60.0000 167.7191 1 80.0000 0.0000 2 0.1339 1.6562 0.4331 0.0710 0.0449 0.0263
60.0000 167.7191 1 80.0000 0.0000 2 0.1352 1.6838 0.4373 0.0711 0.0452 0.0264
60.0000 167.6607 1 80.0000 0.0000 2 0.1364 1.7116 0.4418 0.0713 0.0454 0.0266
60.0000 167.6607 1 80.0000 0.0000 2 0.1376 1.7396 0.4467 0.0716 0.0457 0.0267
60.0000 167.5869 1 80.0000 0.0000 2 0.1388 1.7675 0.4518 0.0718 0.0459 0.0269
60.0000 167.5869 1 80.0000 0.0000 2 0.1400 1.7953 0.4571 0.0722 0.0462 0.0270
60.0000 167.4966 1 80.0000 0.0000 2 0.1412 1.8228 0.4625 0.0725 0.0465 0.0272
60.0000 167.4966 1 80.0000 0.0000 2 0.1424 1.8501 0.4679 0.0729 0.0467 0.0274
60.0000 167.3887 1 80.0000 0.0000 2 0.1436 1.8771 0.4734 0.0733 0.0470 0.0275
60.0000 167.3887 1 80.0000 0.0000 2 0.1448 1.9038 0.4788 0.0737 0.0473 0.0277
60.0000 167.2622 1 80.0000 0.0000 2 0.1460 1.9301 0.4845 0.0741 0.0475 0.0278
60.0000 167.2622 1 80.0000 0.0000 2 0.1473 1.9560 0.4903 0.0745 0.0478 0.0280
60.0000 167.1162 1 80.0000 0.0000 2 0.1485 1.9817 0.4964 0.0749 0.0481 0.0281
60.0000 167.1162 1 80.0000 0.0000 2 0.1498 2.0070 0.5028 0.0753 0.0483 0.0283
60.0000 166.9500 1 80.0000 0.0000 2 0.1511 2.0321 0.5095 0.0756 0.0486 0.0284
60.0000 166.9500 1 80.0000 0.0000 2 0.1525 2.0570 0.5166 0.0759 0.0489 0.0285
60.0000 166.7629 1 80.0000 0.0000 2 0.1538 2.0816 0.5241 0.0761 0.0491 0.0286
60.0000 166.7629 1 80.0000 0.0000 2 0.1551 2.1059 0.5321 0.0763 0.0494 0.0287
60.0000 166.5545 1 80.0000 0.0000 2 0.1564 2.1298 0.5407 0.0764 0.0496 0.0288
60.0000 166.5545 1 80.0000 0.0000 2 0.1578 2.1533 0.5498 0.0764 0.0499 0.0288
60.0000 166.3246 1 80.0000 0.0000 2 0.1591 2.1763 0.5596 0.0763 0.0501 0.0289
60.0000 166.3246 1 80.0000 0.0000 2 0.1604 2.1987 0.5702 0.0761 0.0503 0.0289
60.0000 166.0732 1 80.0000 0.0000 2 0.1617 2.2205 0.5816 0.0758 0.0506 0.0289
60.0000 166.0732 1 80.0000 0.0000 2 0.1630 2.2417 0.5941 0.0754 0.0508 0.0289
60.0000 165.8007 1 80.0000 0.0000 2 0.1643 2.2620 0.6078 0.0748 0.0510 0.0289
60.0000 165.8007 1 80.0000 0.0000 2 0.1655 2.2814 0.6228 0.0741 0.0513 0.0289
60.0000 165.5074 1 80.0000 0.0000 2 0.1668 2.2999 0.6392 0.0733 0.0515 0.0289
60.0000 165.5074 1 80.0000 0.0000 2 0.1680 2.3174 0.6570 0.0723 0.0517 0.0288
60.0000 165.1944 1 80.0000 0.0000 2 0.1691 2.3340 0.6760 0.0712 0.0519 0.0288
60.0000 165.1944 1 80.0000 0.0000 2 0.1703 2.3495 0.6963 0.0699 0.0521 0.0287
60.0000 164.8629 1 80.0000 0.0000 2 0.1714 2.3641 0.7178 0.0685 0.0524 0.0286
60.0000 164.8629 1 80.0000 0.0000 2 0.1725 2.3778 0.7405 0.0670 0.0526 0.0285
60.0000 164.5143 1 80.0000 0.0000 2 0.1736 2.3906 0.7643 0.0654 0.0528 0.0285
60.0000 164.5143 1 80.0000 0.0000 2 0.1747 2.4024 0.7893 0.0636 0.0531 0.0284
60.0000 164.1506 1 80.0000 0.0000 2 0.1757 2.4134 0.8153 0.0617 0.0533 0.0283
60.0000 164.1506 1 80.0000 0.0000 2 0.1768 2.4236 0.8424 0.0597 0.0536 0.0282
60.0000 163.7741 1 80.0000 0.0000 2 0.1778 2.4330 0.8706 0.0576 0.0539 0.0281
60.0000 163.7741 1 80.0000 0.0000 2 0.1787 2.4416 0.8999 0.0554 0.0542 0.0280
60.0000 163.3872 1 80.0000 0.0000 2 0.1797 2.4496 0.9304 0.0532 0.0545 0.0279
60.0000 163.3872 1 80.0000 0.0000 2 0.1806 2.4568 0.9623 0.0508 0.0548 0.0278
60.0000 162.9929 1 80.0000 0.0000 2 0.1815 2.4634 0.9956 0.0484 0.0551 0.0278
60.0000 162.9929 1 80.0000 0.0000 2 0.1823 2.4692 1.0306 0.0459 0.0555 0.0277
60.0000 162.5944 1 80.0000 0.0000 2 0.1831 2.4744 1.0673 0.0433 0.0559 0.0277
60.0000 162.5944 1 80.0000 0.0000 2 0.1838 2.4789 1.1057 0.0408 0.0563 0.0277
60.0000 162.1950 1 80.0000 0.0000 2 0.1845 2.4827 1.1459 0.0382 0.0567 0.0277
60.0000 162.1950 1 80.0000 0.0000 2 0.1852 2.4859 1.1879 0.0357 0.0571 0.0277
60.0000 161.7983 1 80.0000 0.0000 2 0.1858 2.4884 1.2316 0.0331 0.0576 0.0277
60.0000 161.7983 1 80.0000 0.0000 2 0.1864 2.4903 1.2770 0.0307 0.0581 0.0277
60.0000 161.4081 1 80.0000 0.0000 2 0.1870 2.4916 1.3240 0.0283 0.0586 0.0278
60.0000 161.4081 1 80.0000 0.0000 2 0.1876 2.4923 1.3727 0.0259 0.0592 0.0279
60.0000 161.0280 1 80.0000 0.0000 2 0.1882 2.4924 1.4229 0.0237 0.0598 0.0280
60.0000 161.0280 1 80.0000 0.0000 2 0.1887 2.4919 1.4744 0.0216 0.0604 0.0281
60.0000 160.6620 1 80.0000 0.0000 2 0.1892 2.4908 1.5274 0.0196 0.0611 0.0283
60.0000 160.6620 1 80.0000 0.0000 2 0.1897 2.4892 1.5815 0.0178 0.0618 0.0284
60.0000 160.3137 1 80.0000 0.0000 2 0.1901 2.4869 1.6368 0.0161 0.0626 0.0287
60.0000 160.3137 1 80.0000 0.0000 2 0.1905 2.4839 1.6932 0.0146 0.0634 0.0289
60.0000 159.9867 1 80.0000 0.0000 2 0.1910 2.4802 1.7506 0.0133 0.0643 0.0292
60.0000 159.9867 1 80.0000 0.0000 2 0.1914 2.4758 1.8091 0.0122 0.0653 0.0296
60.0000 159.6843 1 80.0000 0.0000 2 0.1918 2.4706 1.8687 0.0113 0.0662 0.0299
60.0000 159.6843 1 80.0000 0.0000 2 0.1921 2.4645 1.9297 0.0105 0.0673 0.0303
60.0000 159.4097 1 80.0000 0.0000 2 0.1924 2.4576 1.9920 0.0100 0.0684 0.0308
60.0000 159.4097 1 80.0000 0.0000 2 0.1927 2.4496 2.0556 0.0096 0.0695 0.0313
60.0000 159.1657 1 80.0000 0.0000 2 0.1929 2.4407 2.1205 0.0094 0.0707 0.0318
60.0000 159.1657 1 80.0000 0.0000 2 0.1931 2.4307 2.1867 0.0093 0.0720 0.0323
60.0000 158.9547 1 80.0000 0.0000 2 0.1933 2.4198 2.2542 0.0095 0.0733 0.0329
60.0000 158.9547 1 80.0000 0.0000 2 0.1934 2.4079 2.3230 0.0099 0.0746 0.0335
60.0000 158.7787 1 80.0000 0.0000 2 0.1934 2.3952 2.3932 0.0104 0.0760 0.0341
60.0000 158.7787 1 80.0000 0.0000 2 0.1934 2.3816 2.4650 0.0112 0.0774 0.0348
60.0000 158.6394 1 80.0000 0.0000 2 0.1933 2.3672 2.5384 0.0121 0.0788 0.0354
60.0000 158.6394 1 80.0000 0.0000 2 0.1932 2.3521 2.6132 0.0133 0.0802 0.0360
60.0000 158.5382 1 80.0000 0.0000 2 0.1930 2.3365 2.6896 0.0146 0.0817 0.0367
60.0000 158.5382 1 80.0000 0.0000 2 0.1928 2.3203 2.7674 0.0162 0.0831 0.0373
60.0000 158.4758 1 80.0000 0.0000 2 0.1924 2.3036 2.8467 0.0180 0.0844 0.0379
60.0000 158.4758 1 80.0000 0.0000 2 0.1921 2.2866 2.9274 0.0200 0.0857 0.0385
60.0000 158.4526 1 80.0000 0.0000 2 0.1916 2.2693 3.0093 0.0221 0.0870 0.0390
60.0000 158.4526 1 80.0000 0.0000 2 0.1910 2.2517 3.0921 0.0245 0.0882 0.0395
60.0000 158.4688 1 80.0000 0.0000 2 0.1904 2.2341 3.1753 0.0270 0.0894 0.0399
60.0000 158.4688 1 80.0000 0.0000 2 0.1897 2.2164 3.2586 0.0296 0.0904 0.0403
60.0000 158.5240 1 80.0000 0.0000 2 0.1890 2.1988 3.3416 0.0324 0.0915 0.0406
60.0000 158.5240 1 80.0000 0.0000 2 0.1881 2.1812 3.4237 0.0353 0.0924 0.0409
60.0000 158.6176 1 80.0000 0.0000 2 0.1873 2.1638 3.5042 0.0383 0.0933 0.0412
60.0000 158.6176 1 80.0000 0.0000 2 0.1863 2.1467 3.5826 0.0414 0.0941 0.0414
60.0000 158.7487 1 80.0000 0.0000 2 0.1853 2.1298 3.6584 0.0446 0.0948 0.0415
60.0000 158.7487 1 80.0000 0.0000 2 0.1843 2.1133 3.7311 0.0478 0.0954 0.0416
60.0000 158.9162 1 80.0000 0.0000 2 0.1832 2.0969 3.8002 0.0511 0.0960 0.0416
60.0000 158.9162 1 80.0000 0.0000 2 0.1821 2.0809 3.8650 0.0543 0.0964 0.0415
60.0000 159.1184 1 80.0000 0.0000 2 0.1809 2.0651 3.9245 0.0576 0.0967 0.0414
60.0000 159.1184 1 80.0000 0.0000 2 0.1797 2.0497 3.9775 0.0608 0.0969 0.0413
60.0000 159.3540 1 80.0000 0.0000 2 0.1785 2.0346 4.0229 0.0640 0.0969 0.0410
60.0000 159.3540 1 80.0000 0.0000 2 0.1773 2.0198 4.0601 0.0671 0.0969 0.0407
60.0000 159.6210 1 80.0000 0.0000 2 0.1760 2.0053 4.0888 0.0702 0.0968 0.0404
60.0000 159.6210 1 80.0000 0.0000 2 0.1748 1.9911 4.1089 0.0731 0.0966 0.0400
60.0000 159.9176 1 80.0000 0.0000 2 0.1736 1.9774 4.1210 0.0760 0.0963 0.0395
60.0000 159.9176 1 80.0000 0.0000 2 0.1723 1.9639 4.1254 0.0787 0.0959 0.0390
60.0000 160.2417 1 80.0000 0.0000 2 0.1710 1.9507 4.1226 0.0813 0.0954 0.0385
60.0000 160.2417 1 80.0000 0.0000 2 0.1697 1.9378 4.1129 0.0838 0.0949 0.0380
60.0000 160.5914 1 80.0000 0.0000 2 0.1685 1.9252 4.0963 0.0861 0.0943 0.0374
60.0000 160.5914 1 80.0000 0.0000 2 0.1672 1.9129 4.0729 0.0882 0.0937 0.0369
60.0000 160.9644 1 80.0000 0.0000 2 0.1659 1.9009 4.0430 0.0901 0.0931 0.0363
60.0000 160.9644 1 80.0000 0.0000 2 0.1645 1.8892 4.0070 0.0919 0.0924 0.0357
60.0000 161.3587 1 80.0000 0.0000 2 0.1632 1.8778 3.9653 0.0934 0.0917 0.0351
60.0000 161.3587 1 80.0000 0.0000 2 0.1619 1.8669 3.9185 0.0948 0.0909 0.0345
60.0000 161.7720 1 80.0000 0.0000 2 0.1606 1.8565 3.8668 0.0959 0.0902 0.0339
60.0000 161.7720 1 80.0000 0.0000 2 0.1592 1.8467 3.8109 0.0969 0.0894 0.0333
60.0000 162.2023 1 80.0000 0.0000 2 0.1579 1.8376 3.7511 0.0977 0.0887 0.0327
60.0000 162.2023 1 80.0000 0.0000 2 0.1567 1.8293 3.6877 0.0982 0.0879 0.0321
60.0000 162.6476 1 80.0000 0.0000 2 0.1554 1.8218 3.6209 0.0986 0.0871 0.0316
60.0000 162.6476 1 80.0000 0.0000 2 0.1542 1.8151 3.5510 0.0989 0.0863 0.0310
60.0000 163.1056 1 80.0000 0.0000 2 0.1529 1.8094 3.4785 0.0990 0.0855 0.0304
60.0000 163.1056 1 80.0000 0.0000 2 0.1518 1.8048 3.4039 0.0990 0.0847 0.0299
60.0000 163.5745 1 80.0000 0.0000 2 0.1506 1.8013 3.3274 0.0989 0.0839 0.0294
60.0000 163.5745 1 80.0000 0.0000 2 0.1494 1.7989 3.2497 0.0985 0.0831 0.0288
60.0000 164.0523 1 80.0000 0.0000 2 0.1483 1.7977 3.1709 0.0981 0.0824 0.0283
60.0000 164.0523 1 80.0000 0.0000 2 0.1472 1.7976 3.0915 0.0976 0.0817 0.0279
60.0000 164.5371 1 80.0000 0.0000 2 0.1462 1.7986 3.0114 0.0971 0.0809 0.0274
60.0000 164.5371 1 80.0000 0.0000 2 0.1451 1.8006 2.9309 0.0964 0.0803 0.0270
60.0000 165.0273 1 80.0000 0.0000 2 0.1441 1.8038 2.8501 0.0956 0.0796 0.0266
60.0000 165.0273 1 80.0000 0.0000 2 0.1432 1.8079 2.7690 0.0947 0.0790 0.0262
60.0000 165.5210 1 80.0000 0.0000 2 0.1422 1.8131 2.6879 0.0937 0.0784 0.0259
60.0000 165.5210 1 80.0000 0.0000 2 0.1414 1.8193 2.6070 0.0929 0.0778 0.0256
60.0000 166.0167 1 80.0000 0.0000 2 0.1405 1.8265 2.5264 0.0920 0.0772 0.0252
60.0000 166.0167 1 80.0000 0.0000 2 0.1397 1.8347 2.4464 0.0911 0.0767 0.0250
60.0000 166.5129 1 80.0000 0.0000 2 0.1389 1.8438 2.3672 0.0903 0.0762 0.0247
60.0000 166.5129 1 80.0000 0.0000 2 0.1382 1.8539 2.2891 0.0895 0.0757 0.0244
60.0000 167.0081 1 80.0000 0.0000 2 0.1376 1.8648 2.2123 0.0887 0.0752 0.0242
60.0000 167.0081 1 80.0000 0.0000 2 0.1369 1.8765 2.1370 0.0881 0.0747 0.0240
60.0000 167.5009 1 80.0000 0.0000 2 0.1364 1.8890 2.0633 0.0875 0.0743 0.0238
60.0000 167.5009 1 80.0000 0.0000 2 0.1359 1.9022 1.9915 0.0871 0.0738 0.0236
60.0000 167.9901 1 80.0000 0.0000 2 0.1355 1.9160 1.9214 0.0869 0.0734 0.0234
60.0000 167.9901 1 80.0000 0.0000 2 0.1352 1.9303 1.8532 0.0870 0.0729 0.0232
60.0000 168.4745 1 80.0000 0.0000 2 0.1349 1.9449 1.7865 0.0874 0.0725 0.0231
60.0000 168.4745 1 80.0000 0.0000 2 0.1347 1.9599 1.7213 0.0880 0.0721 0.0230
60.0000 168.9530 1 80.0000 0.0000 2 0.1346 1.9750 1.6574 0.0888 0.0717 0.0228
60.0000 168.9530 1 80.0000 0.0000 2 0.1346 1.9902 1.5951 0.0897 0.0713 0.0227
60.0000 169.4244 1 80.0000 0.0000 2 0.1346 2.0054 1.5342 0.0909 0.0709 0.0227
60.0000 169.4244 1 80.0000 0.0000 2 0.1347 2.0205 1.4749 0.0922 0.0705 0.0226
60.0000 169.8879 1 80.0000 0.0000 2 0.1348 2.0356 1.4174 0.0939 0.0701 0.0225
60.0000 169.8879 1 80.0000 0.0000 2 0.1349 2.0506 1.3618 0.0960 0.0697 0.0224
60.0000 170.3426 1 80.0000 0.0000 2 0.1351 2.0653 1.3082 0.0985 0.0693 0.0224
60.0000 170.3426 1 80.0000 0.0000 2 0.1352 2.0799 1.2566 0.1015 0.0688 0.0223
60.0000 170.7875 1 80.0000 0.0000 2 0.1354 2.0944 1.2070 0.1049 0.0684 0.0223
60.0000 170.7875 1 80.0000 0.0000 2 0.1355 2.1086 1.1592 0.1087 0.0679 0.0222
60.0000 171.2220 1 80.0000 0.0000 2 0.1356 2.1226 1.1132 0.1127 0.0675 0.0222
60.0000 171.2220 1 80.0000 0.0000 2 0.1357 2.1363 1.0688 0.1169 0.0670 0.0221
60.0000 171.6452 1 80.0000 0.0000 2 0.1357 2.1496 1.0257 0.1214 0.0665 0.0221
60.0000 171.6452 1 80.0000 0.0000 2 0.1357 2.1624 0.9840 0.1261 0.0659 0.0220
60.0000 172.0565 1 80.0000 0.0000 2 0.1357 2.1746 0.9437 0.1310 0.0654 0.0220
60.0000 172.0565 1 80.0000 0.0000 2 0.1357 2.1863 0.9049 0.1361 0.0648 0.0219
60.0000 172.4553 1 80.0000 0.0000 2 0.1355 2.1973 0.8676 0.1417 0.0642 0.0218
60.0000 172.4553 1 80.0000 0.0000 2 0.1354 2.2076 0.8319 0.1476 0.0635 0.0217
60.0000 172.8410 1 80.0000 0.0000 2 0.1352 2.2172 0.7980 0.1539 0.0629 0.0216
60.0000 172.8410 1 80.0000 0.0000 2 0.1349 2.2259 0.7659 0.1606 0.0622 0.0215
60.0000 173.2130 1 80.0000 0.0000 2 0.1346 2.2337 0.7357 0.1676 0.0615 0.0214
60.0000 173.2130 1 80.0000 0.0000 2 0.1342 2.2407 0.7073 0.1750 0.0607 0.0212
60.0000 173.5709 1 80.0000 0.0000 2 0.1337 2.2468 0.6805 0.1828 0.0600 0.0211
60.0000 173.5709 1 80.0000 0.0000 2 0.1332 2.2522 0.6554 0.1908 0.0592 0.0209
60.0000 173.9141 1 80.0000 0.0000 2 0.1326 2.2568 0.6318 0.1991 0.0584 0.0207
60.0000 173.9141 1 80.0000 0.0000 2 0.1320 2.2607 0.6095 0.2076 0.0576 0.0205
60.0000 174.2424 1 80.0000 0.0000 2 0.1312 2.2639 0.5884 0.2162 0.0568 0.0203
60.0000 174.2424 1 80.0000 0.0000 2 0.1305 2.2665 0.5683 0.2247 0.0560 0.0200
60.0000 174.5552 1 80.0000 0.0000 2 0.1296 2.2683 0.5493 0.2330 0.0552 0.0198
60.0000 174.5552 1 80.0000 0.0000 2 0.1287 2.2693 0.5311 0.2411 0.0544 0.0195
60.0000 174.8522 1 80.0000 0.0000 2 0.1278 2.2696 0.5136 0.2488 0.0537 0.0192
60.0000 174.8522 1 80.0000 0.0000 2 0.1268 2.2691 0.4968 0.2560 0.0529 0.0190
60.0000 175.1330 1 80.0000 0.0000 2 0.1259 2.2679 0.4806 0.2627 0.0521 0.0187
60.0000 175.1330 1 80.0000 0.0000 2 0.1249 2.2659 0.4649 0.2688 0.0514 0.0184
60.0000 175.3975 1 80.0000 0.0000 2 0.1240 2.2631 0.4498 0.2745 0.0507 0.0182
60.0000 175.3975 1 80.0000 0.0000 2 0.1230 2.2595 0.4352 0.2796 0.0500 0.0179
60.0000 175.6453 1 80.0000 0.0000 2 0.1221 2.2551 0.4212 0.2841 0.0493 0.0176
60.0000 175.6453 1 80.0000 0.0000 2 0.1211 2.2500 0.4081 0.2879 0.0487 0.0174
60.0000 175.8761 1 80.0000 0.0000 2 0.1202 2.2442 0.3957 0.2911 0.0481 0.0172
60.0000 175.8761 1 80.0000 0.0000 2 0.1193 2.2379 0.3838 0.2936 0.0476 0.0169
60.0000 176.0898 1 80.0000 0.0000 2 0.1184 2.2311 0.3724 0.2956 0.0470 0.0167
60.0000 176.0898 1 80.0000 0.0000 2 0.1176 2.2238 0.3613 0.2970 0.0465 0.0165
60.0000 176.2862 1 80.0000 0.0000 2 0.1169 2.2161 0.3503 0.2980 0.0460 0.0163
60.0000 176.2862 1 80.0000 0.0000 2 0.1163 2.2080 0.3393 0.2988 0.0456 0.0162
60.0000 176.4651 1 80.0000 0.0000 2 0.1158 2.1995 0.3282 0.2993 0.0452 0.0160
60.0000 176.4651 1 80.0000 0.0000 2 0.1154 2.1907 0.3167 0.2997 0.0448 0.0158
60.0000 176.6264 1 80.0000 0.0000 2 0.1152 2.1815 0.3050 0.2999 0.0444 0.0157
60.0000 176.6264 1 80.0000 0.0000 2 0.1151 2.1719 0.2929 0.3000 0.0441 0.0156
60.0000 176.7702 1 80.0000 0.0000 2 0.1151 2.1620 0.2805 0.3000 0.0438 0.0154
60.0000 176.7702 1 80.0000 0.0000 2 0.1153 2.1517 0.2678 0.3000 0.0435 0.0153
60.0000 176.8962 1 80.0000 0.0000 2 0.1156 2.1409 0.2547 0.2999 0.0432 0.0152
60.0000 176.8962 1 80.0000 0.0000 2 0.1161 2.1297 0.2412 0.2997 0.0430 0.0152
60.0000 177.0045 1 80.0000 0.0000 2 0.1167 2.1180 0.2280 0.2994 0.0427 0.0151
60.0000 177.0045 1 80.0000 0.0000 2 0.1174 2.1059 0.2156 0.2989 0.0425 0.0151
60.0000 177.0951 1 80.0000 0.0000 2 0.1182 2.0932 0.2039 0.2981 0.0423 0.0150
60.0000 177.0951 1 80.0000 0.0000 2 0.1189 2.0799 0.1931 0.2971 0.0421 0.0150
60.0000 177.1681 1 80.0000 0.0000 2 0.1198 2.0660 0.1832 0.2957 0.0419 0.0150
60.0000 177.1681 1 80.0000 0.0000 2 0.1206 2.0515 0.1741 0.2940 0.0417 0.0150
60.0000 177.2237 1 80.0000 0.0000 2 0.1215 2.0363 0.1660 0.2918 0.0416 0.0149
60.0000 177.2237 1 80.0000 0.0000 2 0.1223 2.0204 0.1589 0.2893 0.0414 0.0150
60.0000 177.2618 1 80.0000 0.0000 2 0.1231 2.0039 0.1529 0.2865 0.0413 0.0150
60.0000 177.2618 1 80.0000 0.0000 2 0.1239 1.9867 0.1479 0.2834 0.0412 0.0150
60.0000 177.2828 1 80.0000 0.0000 2 0.1246 1.9689 0.1440 0.2800 0.0410 0.0150
60.0000 177.2828 1 80.0000 0.0000 2 0.1253 1.9507 0.1410 0.2763 0.0409 0.0150
60.0000 177.2867 1 80.0000 0.0000 2 0.1259 1.9320 0.1390 0.2723 0.0408 0.0151
60.0000 177.2867 1 80.0000 0.0000 2 0.1265 1.9130 0.1380 0.2680 0.0407 0.0151
60.0000 177.2740 1 80.0000 0.0000 2 0.1270 1.8937 0.1379 0.2633 0.0406 0.0151
60.0000 177.2740 1 80.0000 0.0000 2 0.1275 1.8741 0.1387 0.2583 0.0405 0.0152
60.0000 177.2449 1 80.0000 0.0000 2 0.1278 1.8542 0.1403 0.2531 0.0404 0.0152
60.0000 177.2449 1 80.0000 0.0000 2 0.1281 1.8341 0.1426 0.2478 0.0403 0.0153
60.0000 177.1996 1 80.0000 0.0000 2 0.1284 1.8136 0.1454 0.2425 0.0402 0.0153
60.0000 177.1996 1 80.0000 0.0000 2 0.1285 1.7930 0.1485 0.2374 0.0401 0.0154
60.0000 177.1386 1 80.0000 0.0000 2 0.1286 1.7721 0.1518 0.2324 0.0400 0.0154
60.0000 177.1386 1 80.0000 0.0000 2 0.1287 1.7510 0.1551 0.2276 0.0400 0.0155
60.0000 177.0624 1 80.0000 0.0000 2 0.1287 1.7297 0.1583 0.2231 0.0399 0.0156
60.0000 177.0624 1 80.0000 0.0000 2 0.1287 1.7082 0.1616 0.2188 0.0398 0.0157
60.0000 176.9712 1 80.0000 0.0000 2 0.1287 1.6865 0.1648 0.2147 0.0397 0.0158
60.0000 176.9712 1 80.0000 0.0000 2 0.1286 1.6648 0.1681 0.2108 0.0397 0.0159
60.0000 176.8657 1 80.0000 0.0000 2 0.1284 1.6431 0.1714 0.2071 0.0396 0.0160
60.0000 176.8657 1 80.0000 0.0000 2 0.1283 1.6214 0.1747 0.2037 0.0395 0.0161
60.0000 176.7462 1 80.0000 0.0000 2 0.1281 1.5997 0.1781 0.2004 0.0395 0.0162
60.0000 176.7462 1 80.0000 0.0000 2 0.1279 1.5783 0.1814 0.1974 0.0394 0.0164
60.0000 176.6134 1 80.0000 0.0000 2 0.1277 1.5569 0.1848 0.1944 0.0394 0.0165
60.0000 176.6134 1 80.0000 0.0000 2 0.1275 1.5359 0.1881 0.1914 0.0393 0.0166
60.0000 176.4679 1 80.0000 0.0000 2 0.1272 1.5150 0.1913 0.1885 0.0393 0.0168
60.0000 176.4679 1 80.0000 0.0000 2 0.1269 1.4944 0.1942 0.1855 0.0392 0.0170
60.0000 176.3101 1 80.0000 0.0000 2 0.1266 1.4741 0.1968 0.1825 0.0392 0.0172
60.0000 176.3101 1 80.0000 0.0000 2 0.1263 1.4542 0.1991 0.1796 0.0392 0.0173
60.0000 176.1408 1 80.0000 0.0000 2 0.1259 1.4346 0.2010 0.1768 0.0391 0.0175
60.0000 176.1408 1 80.0000 0.0000 2 0.1256 1.4156 0.2027 0.1741 0.0391 0.0178
60.0000 175.9606 1 80.0000 0.0000 2 0.1253 1.3969 0.2041 0.1716 0.0391 0.0180
60.0000 175.9606 1 80.0000 0.0000 2 0.1249 1.3788 0.2052 0.1691 0.0390 0.0182
60.0000 175.7701 1 80.0000 0.0000 2 0.1245 1.3612 0.2062 0.1669 0.0390 0.0184
60.0000 175.7701 1 80.0000 0.0000 2 0.1242 1.3442 0.2069 0.1648 0.0390 0.0187
60.0000 175.5700 1 80.0000 0.0000 2 0.1238 1.3276 0.2075 0.1627 0.0390 0.0189
60.0000 175.5700 1 80.0000 0.0000 2 0.1234 1.3115 0.2080 0.1606 0.0390 0.0192
60.0000 175.3610 1 80.0000 0.0000 2 0.1231 1.2959 0.2084 0.1585 0.0390 0.0195
60.0000 175.3610 1 80.0000 0.0000 2 0.1228 1.2810 0.2087 0.1564 0.0390 0.0197
60.0000 175.1439 1 80.0000 0.0000 2 0.1224 1.2666 0.2090 0.1543 0.0390 0.0200
60.0000 175.1439 1 80.0000 0.0000 2 0.1221 1.2530 0.2092 0.1522 0.0390 0.0202
60.0000 174.9193 1 80.0000 0.0000 2 0.1219 1.2402 0.2092 0.1503 0.0390 0.0205
60.0000 174.9193 1 80.0000 0.0000 2 0.1216 1.2283 0.2092 0.1487 0.0390 0.0207
60.0000 174.6879 1 80.0000 0.0000 2 0.1214 1.2174 0.2090 0.1471 0.0390 0.0210
60.0000 174.6879 1 80.0000 0.0000 2 0.1212 1.2073 0.2086 0.1456 0.0390 0.0212
60.0000 174.4506 1 80.0000 0.0000 2 0.1211 1.1982 0.2082 0.1441 0.0390 0.0214
60.0000 174.4506 1 80.0000 0.0000 2 0.1209 1.1900 0.2077 0.1426 0.0390 0.0217
60.0000 174.2080 1 80.0000 0.0000 2 0.1208 1.1825 0.2073 0.1413 0.0390 0.0219
60.0000 174.2080 1 80.0000 0.0000 2 0.1207 1.1757 0.2068 0.1400 0.0391 0.0221
60.0000 173.9609 1 80.0000 0.0000 2 0.1205 1.1696 0.2064 0.1388 0.0391 0.0222
60.0000 173.9609 1 80.0000 0.0000 2 0.1204 1.1639 0.2060 0.1377 0.0391 0.0224
60.0000 173.7101 1 80.0000 0.0000 2 0.1203 1.1588 0.2057 0.1367 0.0391 0.0226
60.0000 173.7101 1 80.0000 0.0000 2 0.1201 1.1540 0.2054 0.1359 0.0391 0.0227
60.0000 173.4563 1 80.0000 0.0000 2 0.1200 1.1497 0.2052 0.1352 0.0391 0.0228
60.0000 173.4563 1 80.0000 0.0000 2 0.1199 1.1457 0.2049 0.1344 0.0391 0.0229
60.0000 173.2002 1 80.0000 0.0000 2 0.1198 1.1423 0.2048 0.1337 0.0391 0.0230
60.0000 173.2002 1 80.0000 0.0000 2 0.1197 1.1395 0.2047 0.1331 0.0391 0.0231
60.0000 172.9427 1 80.0000 0.0000 2 0.1197 1.1372 0.2047 0.1328 0.0391 0.0232
60.0000 172.9427 1 80.0000 0.0000 2 0.1196 1.1356 0.2047 0.1325 0.0391 0.0233
60.0000 172.6844 1 80.0000 0.0000 2 0.1196 1.1344 0.2048 0.1323 0.0391 0.0233
60.0000 172.6844 1 80.0000 0.0000 2 0.1196 1.1339 0.2048 0.1321 0.0391 0.0233
