60.0000 172.3320 1 80.0000 0.0000 2 0.2111 2.0546 0.1026 0.2989 0.0638 0.0515
60.0000 172.3320 1 80.0000 0.0000 2 0.2107 2.0560 0.1026 0.2989 0.0638 0.0514
60.0000 172.0748 1 80.0000 0.0000 2 0.2098 2.0587 0.1027 0.2989 0.0637 0.0511
60.0000 172.0748 1 80.0000 0.0000 2 0.2085 2.0630 0.1033 0.2990 0.0635 0.0507
60.0000 171.8194 1 80.0000 0.0000 2 0.2067 2.0687 0.1044 0.2990 0.0634 0.0502
60.0000 171.8194 1 80.0000 0.0000 2 0.2045 2.0761 0.1064 0.2991 0.0632 0.0496
60.0000 171.5664 1 80.0000 0.0000 2 0.2020 2.0851 0.1094 0.2991 0.0629 0.0488
60.0000 171.5664 1 80.0000 0.0000 2 0.1990 2.0959 0.1135 0.2991 0.0626 0.0480
60.0000 171.3164 1 80.0000 0.0000 2 0.1957 2.1084 0.1186 0.2991 0.0624 0.0471
60.0000 171.3164 1 80.0000 0.0000 2 0.1921 2.1227 0.1246 0.2991 0.0621 0.0462
60.0000 171.0702 1 80.0000 0.0000 2 0.1882 2.1387 0.1313 0.2992 0.0618 0.0453
60.0000 171.0702 1 80.0000 0.0000 2 0.1841 2.1563 0.1387 0.2993 0.0615 0.0443
60.0000 170.8284 1 80.0000 0.0000 2 0.1797 2.1757 0.1467 0.2995 0.0612 0.0433
60.0000 170.8284 1 80.0000 0.0000 2 0.1752 2.1967 0.1552 0.2996 0.0609 0.0424
60.0000 170.5915 1 80.0000 0.0000 2 0.1706 2.2192 0.1642 0.2998 0.0606 0.0414
60.0000 170.5915 1 80.0000 0.0000 2 0.1659 2.2434 0.1735 0.3000 0.0603 0.0403
60.0000 170.3603 1 80.0000 0.0000 2 0.1611 2.2691 0.1832 0.3000 0.0600 0.0393
60.0000 170.3603 1 80.0000 0.0000 2 0.1563 2.2963 0.1933 0.3000 0.0596 0.0383
60.0000 170.1353 1 80.0000 0.0000 2 0.1515 2.3249 0.2034 0.2999 0.0593 0.0373
60.0000 170.1353 1 80.0000 0.0000 2 0.1468 2.3550 0.2132 0.2995 0.0589 0.0363
60.0000 169.9170 1 80.0000 0.0000 2 0.1422 2.3862 0.2222 0.2989 0.0586 0.0353
60.0000 169.9170 1 80.0000 0.0000 2 0.1378 2.4186 0.2303 0.2978 0.0582 0.0343
60.0000 169.7059 1 80.0000 0.0000 2 0.1337 2.4519 0.2373 0.2963 0.0579 0.0333
60.0000 169.7059 1 80.0000 0.0000 2 0.1298 2.4860 0.2430 0.2942 0.0575 0.0324
60.0000 169.5025 1 80.0000 0.0000 2 0.1262 2.5207 0.2475 0.2916 0.0571 0.0314
60.0000 169.5025 1 80.0000 0.0000 2 0.1228 2.5556 0.2509 0.2886 0.0567 0.0304
60.0000 169.3072 1 80.0000 0.0000 2 0.1197 2.5907 0.2534 0.2850 0.0564 0.0295
60.0000 169.3072 1 80.0000 0.0000 2 0.1167 2.6256 0.2549 0.2811 0.0560 0.0286
60.0000 169.1204 1 80.0000 0.0000 2 0.1140 2.6602 0.2555 0.2768 0.0556 0.0278
60.0000 169.1204 1 80.0000 0.0000 2 0.1115 2.6942 0.2553 0.2720 0.0553 0.0269
60.0000 168.9425 1 80.0000 0.0000 2 0.1091 2.7274 0.2544 0.2669 0.0550 0.0261
60.0000 168.9425 1 80.0000 0.0000 2 0.1069 2.7599 0.2531 0.2613 0.0546 0.0253
60.0000 168.7738 1 80.0000 0.0000 2 0.1048 2.7914 0.2514 0.2555 0.0543 0.0246
60.0000 168.7738 1 80.0000 0.0000 2 0.1030 2.8218 0.2495 0.2493 0.0540 0.0239
60.0000 168.6145 1 80.0000 0.0000 2 0.1012 2.8512 0.2476 0.2428 0.0537 0.0232
60.0000 168.6145 1 80.0000 0.0000 2 0.0997 2.8793 0.2455 0.2362 0.0534 0.0225
60.0000 168.4649 1 80.0000 0.0000 2 0.0982 2.9062 0.2434 0.2294 0.0531 0.0218
60.0000 168.4649 1 80.0000 0.0000 2 0.0969 2.9318 0.2412 0.2225 0.0528 0.0212
60.0000 168.3251 1 80.0000 0.0000 2 0.0958 2.9558 0.2389 0.2154 0.0525 0.0205
60.0000 168.3251 1 80.0000 0.0000 2 0.0947 2.9784 0.2367 0.2082 0.0522 0.0199
60.0000 168.1953 1 80.0000 0.0000 2 0.0938 2.9993 0.2346 0.2010 0.0519 0.0193
60.0000 168.1953 1 80.0000 0.0000 2 0.0930 3.0186 0.2327 0.1938 0.0516 0.0188
60.0000 168.0755 1 80.0000 0.0000 2 0.0924 3.0362 0.2311 0.1866 0.0514 0.0183
60.0000 168.0755 1 80.0000 0.0000 2 0.0919 3.0522 0.2298 0.1795 0.0511 0.0178
60.0000 167.9659 1 80.0000 0.0000 2 0.0914 3.0665 0.2289 0.1724 0.0509 0.0174
60.0000 167.9659 1 80.0000 0.0000 2 0.0911 3.0793 0.2286 0.1654 0.0507 0.0170
60.0000 167.8663 1 80.0000 0.0000 2 0.0909 3.0905 0.2289 0.1583 0.0504 0.0167
60.0000 167.8663 1 80.0000 0.0000 2 0.0907 3.1001 0.2298 0.1512 0.0503 0.0164
60.0000 167.7768 1 80.0000 0.0000 2 0.0907 3.1081 0.2313 0.1442 0.0501 0.0161
60.0000 167.7768 1 80.0000 0.0000 2 0.0907 3.1146 0.2332 0.1375 0.0499 0.0159
60.0000 167.6972 1 80.0000 0.0000 2 0.0907 3.1195 0.2355 0.1309 0.0497 0.0157
60.0000 167.6972 1 80.0000 0.0000 2 0.0909 3.1229 0.2382 0.1246 0.0496 0.0156
60.0000 167.6274 1 80.0000 0.0000 2 0.0911 3.1247 0.2410 0.1186 0.0495 0.0154
60.0000 167.6274 1 80.0000 0.0000 2 0.0913 3.1250 0.2440 0.1127 0.0494 0.0153
60.0000 167.5672 1 80.0000 0.0000 2 0.0916 3.1237 0.2471 0.1071 0.0493 0.0152
60.0000 167.5672 1 80.0000 0.0000 2 0.0919 3.1208 0.2503 0.1018 0.0492 0.0152
60.0000 167.5164 1 80.0000 0.0000 2 0.0923 3.1164 0.2537 0.0967 0.0491 0.0151
60.0000 167.5164 1 80.0000 0.0000 2 0.0927 3.1104 0.2573 0.0920 0.0490 0.0151
60.0000 167.4748 1 80.0000 0.0000 2 0.0932 3.1029 0.2610 0.0877 0.0489 0.0150
60.0000 167.4748 1 80.0000 0.0000 2 0.0937 3.0940 0.2649 0.0838 0.0487 0.0149
60.0000 167.4419 1 80.0000 0.0000 2 0.0942 3.0838 0.2690 0.0804 0.0486 0.0149
60.0000 167.4419 1 80.0000 0.0000 2 0.0947 3.0723 0.2734 0.0773 0.0485 0.0148
60.0000 167.4175 1 80.0000 0.0000 2 0.0952 3.0597 0.2780 0.0746 0.0483 0.0148
60.0000 167.4175 1 80.0000 0.0000 2 0.0957 3.0460 0.2829 0.0722 0.0481 0.0147
60.0000 167.4011 1 80.0000 0.0000 2 0.0962 3.0313 0.2883 0.0703 0.0480 0.0147
60.0000 167.4011 1 80.0000 0.0000 2 0.0968 3.0156 0.2941 0.0690 0.0478 0.0146
60.0000 167.3924 1 80.0000 0.0000 2 0.0973 2.9990 0.3002 0.0681 0.0477 0.0146
60.0000 167.3924 1 80.0000 0.0000 2 0.0978 2.9813 0.3068 0.0678 0.0475 0.0146
60.0000 167.3908 1 80.0000 0.0000 2 0.0984 2.9628 0.3137 0.0678 0.0474 0.0146
60.0000 167.3908 1 80.0000 0.0000 2 0.0990 2.9432 0.3211 0.0684 0.0473 0.0146
60.0000 167.3959 1 80.0000 0.0000 2 0.0997 2.9227 0.3289 0.0696 0.0471 0.0147
60.0000 167.3959 1 80.0000 0.0000 2 0.1004 2.9013 0.3371 0.0712 0.0470 0.0147
60.0000 167.4072 1 80.0000 0.0000 2 0.1012 2.8789 0.3454 0.0733 0.0470 0.0148
60.0000 167.4072 1 80.0000 0.0000 2 0.1020 2.8556 0.3537 0.0756 0.0469 0.0150
60.0000 167.4239 1 80.0000 0.0000 2 0.1029 2.8315 0.3618 0.0783 0.0468 0.0151
60.0000 167.4239 1 80.0000 0.0000 2 0.1038 2.8065 0.3697 0.0813 0.0468 0.0153
60.0000 167.4456 1 80.0000 0.0000 2 0.1047 2.7808 0.3775 0.0846 0.0468 0.0155
60.0000 167.4456 1 80.0000 0.0000 2 0.1057 2.7543 0.3850 0.0881 0.0468 0.0157
60.0000 167.4715 1 80.0000 0.0000 2 0.1066 2.7270 0.3925 0.0919 0.0467 0.0160
60.0000 167.4715 1 80.0000 0.0000 2 0.1075 2.6992 0.3998 0.0959 0.0467 0.0163
60.0000 167.5010 1 80.0000 0.0000 2 0.1085 2.6708 0.4071 0.1002 0.0468 0.0166
60.0000 167.5010 1 80.0000 0.0000 2 0.1094 2.6419 0.4143 0.1048 0.0468 0.0169
60.0000 167.5333 1 80.0000 0.0000 2 0.1103 2.6126 0.4215 0.1098 0.0468 0.0172
60.0000 167.5333 1 80.0000 0.0000 2 0.1111 2.5831 0.4287 0.1150 0.0469 0.0176
60.0000 167.5676 1 80.0000 0.0000 2 0.1119 2.5532 0.4359 0.1205 0.0469 0.0180
60.0000 167.5676 1 80.0000 0.0000 2 0.1127 2.5231 0.4432 0.1262 0.0470 0.0185
60.0000 167.6032 1 80.0000 0.0000 2 0.1134 2.4928 0.4507 0.1320 0.0471 0.0189
60.0000 167.6032 1 80.0000 0.0000 2 0.1140 2.4621 0.4583 0.1380 0.0472 0.0194
60.0000 167.6391 1 80.0000 0.0000 2 0.1146 2.4312 0.4662 0.1442 0.0473 0.0199
60.0000 167.6391 1 80.0000 0.0000 2 0.1151 2.4000 0.4743 0.1505 0.0474 0.0204
60.0000 167.6745 1 80.0000 0.0000 2 0.1156 2.3686 0.4826 0.1570 0.0474 0.0210
60.0000 167.6745 1 80.0000 0.0000 2 0.1161 2.3368 0.4912 0.1636 0.0475 0.0215
60.0000 167.7085 1 80.0000 0.0000 2 0.1165 2.3047 0.4999 0.1702 0.0476 0.0221
60.0000 167.7085 1 80.0000 0.0000 2 0.1170 2.2721 0.5089 0.1769 0.0477 0.0227
60.0000 167.7400 1 80.0000 0.0000 2 0.1174 2.2390 0.5181 0.1836 0.0478 0.0233
60.0000 167.7400 1 80.0000 0.0000 2 0.1177 2.2055 0.5276 0.1902 0.0478 0.0239
60.0000 167.7681 1 80.0000 0.0000 2 0.1181 2.1715 0.5375 0.1966 0.0479 0.0245
60.0000 167.7681 1 80.0000 0.0000 2 0.1184 2.1369 0.5477 0.2029 0.0479 0.0251
60.0000 167.7916 1 80.0000 0.0000 2 0.1187 2.1016 0.5581 0.2090 0.0479 0.0257
60.0000 167.7916 1 80.0000 0.0000 2 0.1190 2.0658 0.5685 0.2149 0.0479 0.0262
60.0000 167.8096 1 80.0000 0.0000 2 0.1193 2.0294 0.5790 0.2203 0.0478 0.0268
60.0000 167.8096 1 80.0000 0.0000 2 0.1196 1.9924 0.5895 0.2254 0.0478 0.0273
60.0000 167.8208 1 80.0000 0.0000 2 0.1198 1.9547 0.6000 0.2299 0.0477 0.0278
60.0000 167.8208 1 80.0000 0.0000 2 0.1200 1.9163 0.6107 0.2339 0.0476 0.0282
60.0000 167.8241 1 80.0000 0.0000 2 0.1202 1.8773 0.6215 0.2373 0.0475 0.0287
60.0000 167.8241 1 80.0000 0.0000 2 0.1204 1.8376 0.6324 0.2401 0.0474 0.0291
60.0000 167.8184 1 80.0000 0.0000 2 0.1205 1.7975 0.6434 0.2423 0.0472 0.0295
60.0000 167.8184 1 80.0000 0.0000 2 0.1205 1.7570 0.6544 0.2442 0.0470 0.0299
60.0000 167.8024 1 80.0000 0.0000 2 0.1204 1.7161 0.6652 0.2456 0.0468 0.0302
60.0000 167.8024 1 80.0000 0.0000 2 0.1203 1.6752 0.6756 0.2465 0.0465 0.0304
60.0000 167.7749 1 80.0000 0.0000 2 0.1202 1.6342 0.6853 0.2471 0.0463 0.0305
60.0000 167.7749 1 80.0000 0.0000 2 0.1200 1.5934 0.6943 0.2473 0.0460 0.0306
60.0000 167.7347 1 80.0000 0.0000 2 0.1197 1.5530 0.7022 0.2473 0.0457 0.0306
60.0000 167.7347 1 80.0000 0.0000 2 0.1194 1.5129 0.7091 0.2470 0.0453 0.0306
60.0000 167.6806 1 80.0000 0.0000 2 0.1190 1.4734 0.7146 0.2465 0.0450 0.0305
60.0000 167.6806 1 80.0000 0.0000 2 0.1186 1.4345 0.7190 0.2457 0.0446 0.0303
60.0000 167.6115 1 80.0000 0.0000 2 0.1181 1.3963 0.7223 0.2449 0.0442 0.0301
60.0000 167.6115 1 80.0000 0.0000 2 0.1175 1.3588 0.7248 0.2441 0.0439 0.0298
60.0000 167.5261 1 80.0000 0.0000 2 0.1169 1.3221 0.7265 0.2431 0.0435 0.0294
60.0000 167.5261 1 80.0000 0.0000 2 0.1163 1.2862 0.7275 0.2421 0.0431 0.0290
60.0000 167.4234 1 80.0000 0.0000 2 0.1156 1.2511 0.7276 0.2408 0.0427 0.0285
60.0000 167.4234 1 80.0000 0.0000 2 0.1148 1.2168 0.7269 0.2395 0.0424 0.0280
60.0000 167.3024 1 80.0000 0.0000 2 0.1141 1.1835 0.7255 0.2381 0.0420 0.0275
60.0000 167.3024 1 80.0000 0.0000 2 0.1133 1.1510 0.7237 0.2366 0.0417 0.0269
60.0000 167.1622 1 80.0000 0.0000 2 0.1126 1.1196 0.7219 0.2350 0.0413 0.0262
60.0000 167.1622 1 80.0000 0.0000 2 0.1119 1.0891 0.7201 0.2333 0.0410 0.0256
60.0000 167.0019 1 80.0000 0.0000 2 0.1112 1.0596 0.7182 0.2314 0.0407 0.0249
60.0000 167.0019 1 80.0000 0.0000 2 0.1106 1.0312 0.7163 0.2294 0.0404 0.0243
60.0000 166.8209 1 80.0000 0.0000 2 0.1100 1.0039 0.7145 0.2272 0.0401 0.0236
60.0000 166.8209 1 80.0000 0.0000 2 0.1096 0.9777 0.7127 0.2247 0.0398 0.0230
60.0000 166.6188 1 80.0000 0.0000 2 0.1092 0.9527 0.7110 0.2220 0.0396 0.0224
60.0000 166.6188 1 80.0000 0.0000 2 0.1090 0.9290 0.7096 0.2191 0.0394 0.0218
60.0000 166.3951 1 80.0000 0.0000 2 0.1089 0.9068 0.7084 0.2161 0.0392 0.0212
60.0000 166.3951 1 80.0000 0.0000 2 0.1090 0.8861 0.7074 0.2129 0.0390 0.0207
60.0000 166.1500 1 80.0000 0.0000 2 0.1093 0.8669 0.7066 0.2095 0.0389 0.0202
60.0000 166.1500 1 80.0000 0.0000 2 0.1097 0.8493 0.7061 0.2059 0.0387 0.0197
60.0000 165.8836 1 80.0000 0.0000 2 0.1104 0.8333 0.7057 0.2021 0.0386 0.0193
60.0000 165.8836 1 80.0000 0.0000 2 0.1112 0.8189 0.7060 0.1982 0.0385 0.0189
60.0000 165.5964 1 80.0000 0.0000 2 0.1121 0.8060 0.7070 0.1943 0.0384 0.0186
60.0000 165.5964 1 80.0000 0.0000 2 0.1133 0.7948 0.7091 0.1902 0.0383 0.0183
60.0000 165.2891 1 80.0000 0.0000 2 0.1145 0.7851 0.7123 0.1862 0.0382 0.0181
60.0000 165.2891 1 80.0000 0.0000 2 0.1160 0.7771 0.7169 0.1824 0.0382 0.0180
60.0000 164.9629 1 80.0000 0.0000 2 0.1176 0.7706 0.7226 0.1787 0.0382 0.0179
60.0000 164.9629 1 80.0000 0.0000 2 0.1193 0.7657 0.7300 0.1753 0.0382 0.0179
60.0000 164.6192 1 80.0000 0.0000 2 0.1212 0.7623 0.7388 0.1719 0.0382 0.0179
60.0000 164.6192 1 80.0000 0.0000 2 0.1233 0.7605 0.7492 0.1687 0.0382 0.0180
60.0000 164.2598 1 80.0000 0.0000 2 0.1256 0.7600 0.7612 0.1656 0.0382 0.0181
60.0000 164.2598 1 80.0000 0.0000 2 0.1280 0.7608 0.7748 0.1626 0.0383 0.0183
60.0000 163.8869 1 80.0000 0.0000 2 0.1305 0.7630 0.7902 0.1599 0.0384 0.0186
60.0000 163.8869 1 80.0000 0.0000 2 0.1332 0.7665 0.8075 0.1573 0.0384 0.0189
60.0000 163.5030 1 80.0000 0.0000 2 0.1359 0.7711 0.8268 0.1550 0.0385 0.0192
60.0000 163.5030 1 80.0000 0.0000 2 0.1388 0.7769 0.8482 0.1529 0.0387 0.0196
60.0000 163.1108 1 80.0000 0.0000 2 0.1419 0.7839 0.8717 0.1510 0.0388 0.0200
60.0000 163.1108 1 80.0000 0.0000 2 0.1449 0.7918 0.8971 0.1493 0.0390 0.0205
60.0000 162.7134 1 80.0000 0.0000 2 0.1481 0.8007 0.9243 0.1479 0.0391 0.0211
60.0000 162.7134 1 80.0000 0.0000 2 0.1513 0.8106 0.9536 0.1468 0.0393 0.0217
60.0000 162.3142 1 80.0000 0.0000 2 0.1546 0.8213 0.9849 0.1459 0.0396 0.0223
60.0000 162.3142 1 80.0000 0.0000 2 0.1579 0.8329 1.0183 0.1453 0.0398 0.0230
60.0000 161.9167 1 80.0000 0.0000 2 0.1612 0.8452 1.0535 0.1448 0.0401 0.0238
60.0000 161.9167 1 80.0000 0.0000 2 0.1645 0.8584 1.0906 0.1445 0.0405 0.0246
60.0000 161.5245 1 80.0000 0.0000 2 0.1677 0.8722 1.1296 0.1441 0.0409 0.0256
60.0000 161.5245 1 80.0000 0.0000 2 0.1710 0.8867 1.1707 0.1436 0.0413 0.0266
60.0000 161.1416 1 80.0000 0.0000 2 0.1742 0.9018 1.2139 0.1432 0.0418 0.0277
60.0000 161.1416 1 80.0000 0.0000 2 0.1773 0.9174 1.2594 0.1427 0.0424 0.0289
60.0000 160.7715 1 80.0000 0.0000 2 0.1803 0.9334 1.3072 0.1421 0.0430 0.0302
60.0000 160.7715 1 80.0000 0.0000 2 0.1833 0.9498 1.3574 0.1413 0.0438 0.0316
60.0000 160.4182 1 80.0000 0.0000 2 0.1862 0.9664 1.4098 0.1404 0.0446 0.0330
60.0000 160.4182 1 80.0000 0.0000 2 0.1889 0.9832 1.4644 0.1393 0.0455 0.0346
60.0000 160.0851 1 80.0000 0.0000 2 0.1916 1.0002 1.5212 0.1380 0.0465 0.0363
60.0000 160.0851 1 80.0000 0.0000 2 0.1942 1.0172 1.5802 0.1366 0.0476 0.0380
60.0000 159.7757 1 80.0000 0.0000 2 0.1966 1.0343 1.6412 0.1349 0.0489 0.0399
60.0000 159.7757 1 80.0000 0.0000 2 0.1989 1.0513 1.7041 0.1330 0.0503 0.0418
60.0000 159.4933 1 80.0000 0.0000 2 0.2010 1.0683 1.7689 0.1308 0.0518 0.0439
60.0000 159.4933 1 80.0000 0.0000 2 0.2030 1.0852 1.8357 0.1283 0.0534 0.0461
60.0000 159.2406 1 80.0000 0.0000 2 0.2048 1.1019 1.9047 0.1256 0.0553 0.0484
60.0000 159.2406 1 80.0000 0.0000 2 0.2064 1.1183 1.9760 0.1226 0.0573 0.0508
60.0000 159.0203 1 80.0000 0.0000 2 0.2079 1.1342 2.0496 0.1193 0.0595 0.0533
60.0000 159.0203 1 80.0000 0.0000 2 0.2091 1.1497 2.1255 0.1158 0.0619 0.0560
60.0000 158.8345 1 80.0000 0.0000 2 0.2102 1.1645 2.2038 0.1120 0.0645 0.0588
60.0000 158.8345 1 80.0000 0.0000 2 0.2111 1.1787 2.2847 0.1081 0.0674 0.0618
60.0000 158.6850 1 80.0000 0.0000 2 0.2117 1.1920 2.3683 0.1039 0.0704 0.0648
60.0000 158.6850 1 80.0000 0.0000 2 0.2121 1.2046 2.4545 0.0996 0.0737 0.0680
60.0000 158.5731 1 80.0000 0.0000 2 0.2124 1.2164 2.5435 0.0951 0.0773 0.0713
60.0000 158.5731 1 80.0000 0.0000 2 0.2124 1.2274 2.6354 0.0905 0.0810 0.0747
60.0000 158.4998 1 80.0000 0.0000 2 0.2123 1.2377 2.7303 0.0859 0.0850 0.0781
60.0000 158.4998 1 80.0000 0.0000 2 0.2120 1.2471 2.8283 0.0813 0.0892 0.0816
60.0000 158.4657 1 80.0000 0.0000 2 0.2115 1.2559 2.9290 0.0766 0.0936 0.0852
60.0000 158.4657 1 80.0000 0.0000 2 0.2109 1.2639 3.0325 0.0721 0.0982 0.0887
60.0000 158.4710 1 80.0000 0.0000 2 0.2102 1.2711 3.1385 0.0676 0.1028 0.0922
60.0000 158.4710 1 80.0000 0.0000 2 0.2094 1.2777 3.2467 0.0632 0.1076 0.0956
60.0000 158.5153 1 80.0000 0.0000 2 0.2085 1.2836 3.3571 0.0589 0.1124 0.0990
60.0000 158.5153 1 80.0000 0.0000 2 0.2076 1.2890 3.4699 0.0546 0.1171 0.1021
60.0000 158.5983 1 80.0000 0.0000 2 0.2065 1.2939 3.5859 0.0504 0.1218 0.1051
60.0000 158.5983 1 80.0000 0.0000 2 0.2054 1.2983 3.7058 0.0462 0.1263 0.1077
60.0000 158.7190 1 80.0000 0.0000 2 0.2043 1.3022 3.8304 0.0422 0.1307 0.1101
60.0000 158.7190 1 80.0000 0.0000 2 0.2030 1.3057 3.9601 0.0382 0.1347 0.1122
60.0000 158.8763 1 80.0000 0.0000 2 0.2018 1.3088 4.0956 0.0344 0.1385 0.1140
60.0000 158.8763 1 80.0000 0.0000 2 0.2004 1.3114 4.2377 0.0308 0.1420 0.1154
60.0000 159.0689 1 80.0000 0.0000 2 0.1990 1.3136 4.3870 0.0274 0.1452 0.1165
60.0000 159.0689 1 80.0000 0.0000 2 0.1976 1.3155 4.5436 0.0242 0.1480 0.1172
60.0000 159.2953 1 80.0000 0.0000 2 0.1961 1.3172 4.7083 0.0212 0.1504 0.1176
60.0000 159.2953 1 80.0000 0.0000 2 0.1945 1.3187 4.8818 0.0182 0.1524 0.1176
60.0000 159.5536 1 80.0000 0.0000 2 0.1929 1.3203 5.0659 0.0155 0.1541 0.1173
60.0000 159.5536 1 80.0000 0.0000 2 0.1912 1.3221 5.2611 0.0130 0.1556 0.1168
60.0000 159.8420 1 80.0000 0.0000 2 0.1895 1.3239 5.4694 0.0106 0.1569 0.1163
60.0000 159.8420 1 80.0000 0.0000 2 0.1877 1.3261 5.6907 0.0085 0.1583 0.1157
60.0000 160.1585 1 80.0000 0.0000 2 0.1859 1.3285 5.9274 0.0067 0.1595 0.1152
60.0000 160.1585 1 80.0000 0.0000 2 0.1841 1.3312 6.1799 0.0052 0.1608 0.1146
60.0000 160.5011 1 80.0000 0.0000 2 0.1822 1.3343 6.4507 0.0040 0.1620 0.1140
60.0000 160.5011 1 80.0000 0.0000 2 0.1802 1.3378 6.7395 0.0031 0.1633 0.1134
60.0000 160.8676 1 80.0000 0.0000 2 0.1782 1.3417 7.0471 0.0025 0.1645 0.1129
60.0000 160.8676 1 80.0000 0.0000 2 0.1762 1.3460 7.3711 0.0020 0.1658 0.1124
60.0000 161.2560 1 80.0000 0.0000 2 0.1741 1.3509 7.7134 0.0018 0.1670 0.1119
60.0000 161.2560 1 80.0000 0.0000 2 0.1720 1.3564 8.0655 0.0017 0.1682 0.1114
60.0000 161.6640 1 80.0000 0.0000 2 0.1698 1.3624 8.4220 0.0018 0.1694 0.1109
60.0000 161.6640 1 80.0000 0.0000 2 0.1676 1.3692 8.7566 0.0021 0.1706 0.1104
60.0000 162.0896 1 80.0000 0.0000 2 0.1654 1.3766 9.0264 0.0026 0.1718 0.1099
60.0000 162.0896 1 80.0000 0.0000 2 0.1631 1.3849 9.1723 0.0031 0.1729 0.1094
60.0000 162.5307 1 80.0000 0.0000 2 0.1608 1.3941 9.2103 0.0037 0.1740 0.1088
60.0000 162.5307 1 80.0000 0.0000 2 0.1585 1.4043 9.1939 0.0043 0.1750 0.1083
60.0000 162.9851 1 80.0000 0.0000 2 0.1562 1.4155 9.1072 0.0049 0.1761 0.1078
60.0000 162.9851 1 80.0000 0.0000 2 0.1539 1.4278 8.9472 0.0055 0.1771 0.1072
60.0000 163.4510 1 80.0000 0.0000 2 0.1516 1.4413 8.7142 0.0061 0.1780 0.1067
60.0000 163.4510 1 80.0000 0.0000 2 0.1494 1.4561 8.4223 0.0065 0.1789 0.1061
60.0000 163.9262 1 80.0000 0.0000 2 0.1471 1.4720 8.0967 0.0068 0.1797 0.1056
60.0000 163.9262 1 80.0000 0.0000 2 0.1448 1.4892 7.7594 0.0069 0.1805 0.1050
60.0000 164.4091 1 80.0000 0.0000 2 0.1426 1.5077 7.4238 0.0069 0.1812 0.1044
60.0000 164.4091 1 80.0000 0.0000 2 0.1404 1.5273 7.0985 0.0067 0.1819 0.1038
60.0000 164.8977 1 80.0000 0.0000 2 0.1382 1.5481 6.7901 0.0064 0.1825 0.1031
60.0000 164.8977 1 80.0000 0.0000 2 0.1361 1.5700 6.5060 0.0062 0.1830 0.1025
60.0000 165.3903 1 80.0000 0.0000 2 0.1341 1.5931 6.2474 0.0058 0.1835 0.1018
60.0000 165.3903 1 80.0000 0.0000 2 0.1321 1.6173 6.0129 0.0054 0.1839 0.1012
60.0000 165.8854 1 80.0000 0.0000 2 0.1301 1.6426 5.8017 0.0048 0.1843 0.1005
60.0000 165.8854 1 80.0000 0.0000 2 0.1282 1.6691 5.6115 0.0042 0.1846 0.0998
60.0000 166.3813 1 80.0000 0.0000 2 0.1264 1.6967 5.4407 0.0035 0.1849 0.0991
60.0000 166.3813 1 80.0000 0.0000 2 0.1247 1.7253 5.2872 0.0029 0.1851 0.0984
60.0000 166.8767 1 80.0000 0.0000 2 0.1230 1.7548 5.1487 0.0023 0.1853 0.0976
60.0000 166.8767 1 80.0000 0.0000 2 0.1214 1.7852 5.0249 0.0019 0.1854 0.0969
60.0000 167.3701 1 80.0000 0.0000 2 0.1199 1.8164 4.9158 0.0017 0.1854 0.0961
60.0000 167.3701 1 80.0000 0.0000 2 0.1184 1.8483 4.8223 0.0017 0.1854 0.0953
60.0000 167.8601 1 80.0000 0.0000 2 0.1170 1.8808 4.7450 0.0019 0.1848 0.0940
60.0000 167.8601 1 80.0000 0.0000 2 0.1157 1.9140 4.6805 0.0024 0.1838 0.0926
60.0000 168.3457 1 80.0000 0.0000 2 0.1145 1.9476 4.6260 0.0032 0.1827 0.0911
60.0000 168.3457 1 80.0000 0.0000 2 0.1134 1.9817 4.5786 0.0042 0.1815 0.0896
60.0000 168.8257 1 80.0000 0.0000 2 0.1123 2.0161 4.5375 0.0054 0.1800 0.0879
60.0000 168.8257 1 80.0000 0.0000 2 0.1114 2.0507 4.5016 0.0070 0.1784 0.0862
60.0000 169.2990 1 80.0000 0.0000 2 0.1106 2.0855 4.4693 0.0090 0.1767 0.0844
60.0000 169.2990 1 80.0000 0.0000 2 0.1099 2.1205 4.4386 0.0113 0.1750 0.0827
60.0000 169.7645 1 80.0000 0.0000 2 0.1093 2.1554 4.4075 0.0141 0.1733 0.0810
60.0000 169.7645 1 80.0000 0.0000 2 0.1088 2.1902 4.3751 0.0174 0.1716 0.0794
60.0000 170.2215 1 80.0000 0.0000 2 0.1085 2.2247 4.3406 0.0211 0.1700 0.0779
60.0000 170.2215 1 80.0000 0.0000 2 0.1083 2.2590 4.3039 0.0252 0.1685 0.0765
60.0000 170.6689 1 80.0000 0.0000 2 0.1082 2.2930 4.2645 0.0298 0.1671 0.0751
60.0000 170.6689 1 80.0000 0.0000 2 0.1084 2.3266 4.2225 0.0348 0.1658 0.0739
60.0000 171.1061 1 80.0000 0.0000 2 0.1087 2.3599 4.1778 0.0401 0.1646 0.0728
60.0000 171.1061 1 80.0000 0.0000 2 0.1091 2.3929 4.1298 0.0457 0.1636 0.0718
60.0000 171.5323 1 80.0000 0.0000 2 0.1097 2.4256 4.0785 0.0516 0.1628 0.0710
60.0000 171.5323 1 80.0000 0.0000 2 0.1105 2.4580 4.0241 0.0578 0.1622 0.0703
60.0000 171.9467 1 80.0000 0.0000 2 0.1114 2.4901 3.9681 0.0641 0.1619 0.0699
60.0000 171.9467 1 80.0000 0.0000 2 0.1124 2.5219 3.9121 0.0705 0.1618 0.0696
60.0000 172.3488 1 80.0000 0.0000 2 0.1136 2.5536 3.8572 0.0770 0.1620 0.0695
60.0000 172.3488 1 80.0000 0.0000 2 0.1150 2.5852 3.8040 0.0837 0.1625 0.0696
60.0000 172.7380 1 80.0000 0.0000 2 0.1164 2.6167 3.7525 0.0905 0.1631 0.0698
60.0000 172.7380 1 80.0000 0.0000 2 0.1180 2.6481 3.7027 0.0973 0.1639 0.0702
60.0000 173.1136 1 80.0000 0.0000 2 0.1197 2.6794 3.6531 0.1042 0.1647 0.0706
60.0000 173.1136 1 80.0000 0.0000 2 0.1215 2.7105 3.6032 0.1110 0.1656 0.0710
60.0000 173.4752 1 80.0000 0.0000 2 0.1235 2.7413 3.5514 0.1178 0.1663 0.0714
60.0000 173.4752 1 80.0000 0.0000 2 0.1255 2.7720 3.4983 0.1244 0.1671 0.0718
60.0000 173.8223 1 80.0000 0.0000 2 0.1275 2.8023 3.4432 0.1308 0.1678 0.0723
60.0000 173.8223 1 80.0000 0.0000 2 0.1296 2.8324 3.3869 0.1367 0.1685 0.0728
60.0000 174.1545 1 80.0000 0.0000 2 0.1318 2.8621 3.3289 0.1424 0.1692 0.0733
60.0000 174.1545 1 80.0000 0.0000 2 0.1339 2.8916 3.2689 0.1477 0.1698 0.0738
60.0000 174.4714 1 80.0000 0.0000 2 0.1361 2.9208 3.2064 0.1526 0.1703 0.0742
60.0000 174.4714 1 80.0000 0.0000 2 0.1382 2.9497 3.1415 0.1570 0.1707 0.0746
60.0000 174.7726 1 80.0000 0.0000 2 0.1402 2.9785 3.0748 0.1610 0.1711 0.0751
60.0000 174.7726 1 80.0000 0.0000 2 0.1422 3.0070 3.0065 0.1645 0.1714 0.0756
60.0000 175.0578 1 80.0000 0.0000 2 0.1442 3.0354 2.9367 0.1676 0.1718 0.0761
60.0000 175.0578 1 80.0000 0.0000 2 0.1461 3.0636 2.8655 0.1701 0.1721 0.0766
60.0000 175.3266 1 80.0000 0.0000 2 0.1479 3.0917 2.7924 0.1721 0.1725 0.0772
60.0000 175.3266 1 80.0000 0.0000 2 0.1497 3.1197 2.7173 0.1736 0.1728 0.0777
60.0000 175.5788 1 80.0000 0.0000 2 0.1513 3.1476 2.6396 0.1746 0.1731 0.0783
60.0000 175.5788 1 80.0000 0.0000 2 0.1529 3.1754 2.5595 0.1751 0.1733 0.0789
60.0000 175.8141 1 80.0000 0.0000 2 0.1544 3.2031 2.4770 0.1752 0.1734 0.0795
60.0000 175.8141 1 80.0000 0.0000 2 0.1557 3.2306 2.3919 0.1749 0.1735 0.0801
60.0000 176.0324 1 80.0000 0.0000 2 0.1569 3.2580 2.3044 0.1742 0.1734 0.0806
60.0000 176.0324 1 80.0000 0.0000 2 0.1580 3.2853 2.2140 0.1731 0.1732 0.0811
60.0000 176.2333 1 80.0000 0.0000 2 0.1589 3.3125 2.1209 0.1717 0.1729 0.0816
60.0000 176.2333 1 80.0000 0.0000 2 0.1598 3.3396 2.0247 0.1701 0.1725 0.0822
60.0000 176.4169 1 80.0000 0.0000 2 0.1605 3.3666 1.9254 0.1680 0.1720 0.0826
60.0000 176.4169 1 80.0000 0.0000 2 0.1612 3.3934 1.8249 0.1657 0.1712 0.0830
60.0000 176.5829 1 80.0000 0.0000 2 0.1617 3.4202 1.7251 0.1631 0.1701 0.0833
60.0000 176.5829 1 80.0000 0.0000 2 0.1621 3.4467 1.6270 0.1602 0.1687 0.0834
60.0000 176.7313 1 80.0000 0.0000 2 0.1624 3.4730 1.5317 0.1571 0.1669 0.0832
60.0000 176.7313 1 80.0000 0.0000 2 0.1627 3.4990 1.4400 0.1540 0.1648 0.0829
60.0000 176.8621 1 80.0000 0.0000 2 0.1628 3.5245 1.3525 0.1509 0.1622 0.0823
60.0000 176.8621 1 80.0000 0.0000 2 0.1629 3.5496 1.2697 0.1479 0.1593 0.0814
60.0000 176.9751 1 80.0000 0.0000 2 0.1628 3.5741 1.1915 0.1450 0.1561 0.0804
60.0000 176.9751 1 80.0000 0.0000 2 0.1628 3.5980 1.1182 0.1422 0.1527 0.0793
60.0000 177.0704 1 80.0000 0.0000 2 0.1626 3.6213 1.0497 0.1395 0.1492 0.0780
60.0000 177.0704 1 80.0000 0.0000 2 0.1624 3.6441 0.9860 0.1369 0.1456 0.0767
60.0000 177.1481 1 80.0000 0.0000 2 0.1622 3.6662 0.9271 0.1345 0.1420 0.0753
60.0000 177.1481 1 80.0000 0.0000 2 0.1618 3.6878 0.8725 0.1324 0.1382 0.0738
60.0000 177.2083 1 80.0000 0.0000 2 0.1614 3.7090 0.8219 0.1306 0.1343 0.0722
60.0000 177.2083 1 80.0000 0.0000 2 0.1610 3.7296 0.7751 0.1292 0.1302 0.0704
60.0000 177.2510 1 80.0000 0.0000 2 0.1604 3.7499 0.7318 0.1281 0.1261 0.0685
60.0000 177.2510 1 80.0000 0.0000 2 0.1597 3.7700 0.6922 0.1274 0.1220 0.0665
60.0000 177.2766 1 80.0000 0.0000 2 0.1589 3.7898 0.6557 0.1271 0.1177 0.0644
60.0000 177.2766 1 80.0000 0.0000 2 0.1579 3.8094 0.6220 0.1271 0.1136 0.0623
60.0000 177.2850 1 80.0000 0.0000 2 0.1569 3.8288 0.5908 0.1274 0.1094 0.0600
60.0000 177.2850 1 80.0000 0.0000 2 0.1557 3.8479 0.5619 0.1278 0.1054 0.0578
60.0000 177.2767 1 80.0000 0.0000 2 0.1544 3.8667 0.5354 0.1285 0.1015 0.0556
60.0000 177.2767 1 80.0000 0.0000 2 0.1531 3.8851 0.5110 0.1292 0.0979 0.0535
60.0000 177.2519 1 80.0000 0.0000 2 0.1516 3.9030 0.4887 0.1301 0.0943 0.0514
60.0000 177.2519 1 80.0000 0.0000 2 0.1500 3.9205 0.4682 0.1311 0.0910 0.0494
60.0000 177.2109 1 80.0000 0.0000 2 0.1484 3.9373 0.4491 0.1321 0.0878 0.0474
60.0000 177.2109 1 80.0000 0.0000 2 0.1467 3.9536 0.4316 0.1333 0.0848 0.0455
60.0000 177.1541 1 80.0000 0.0000 2 0.1449 3.9692 0.4156 0.1345 0.0819 0.0436
60.0000 177.1541 1 80.0000 0.0000 2 0.1430 3.9841 0.4011 0.1359 0.0792 0.0417
60.0000 177.0819 1 80.0000 0.0000 2 0.1411 3.9984 0.3883 0.1373 0.0765 0.0398
60.0000 177.0819 1 80.0000 0.0000 2 0.1391 4.0119 0.3769 0.1390 0.0740 0.0380
60.0000 176.9947 1 80.0000 0.0000 2 0.1371 4.0247 0.3669 0.1407 0.0716 0.0361
60.0000 176.9947 1 80.0000 0.0000 2 0.1350 4.0368 0.3577 0.1427 0.0692 0.0343
60.0000 176.8929 1 80.0000 0.0000 2 0.1328 4.0481 0.3493 0.1448 0.0670 0.0325
60.0000 176.8929 1 80.0000 0.0000 2 0.1306 4.0584 0.3415 0.1471 0.0648 0.0307
60.0000 176.7771 1 80.0000 0.0000 2 0.1284 4.0678 0.3342 0.1497 0.0628 0.0289
60.0000 176.7771 1 80.0000 0.0000 2 0.1261 4.0763 0.3272 0.1525 0.0609 0.0272
60.0000 176.6479 1 80.0000 0.0000 2 0.1238 4.0839 0.3203 0.1556 0.0591 0.0256
60.0000 176.6479 1 80.0000 0.0000 2 0.1216 4.0906 0.3135 0.1588 0.0574 0.0240
60.0000 176.5057 1 80.0000 0.0000 2 0.1193 4.0964 0.3068 0.1623 0.0558 0.0225
60.0000 176.5057 1 80.0000 0.0000 2 0.1170 4.1014 0.3001 0.1660 0.0544 0.0211
60.0000 176.3511 1 80.0000 0.0000 2 0.1148 4.1054 0.2936 0.1700 0.0532 0.0199
60.0000 176.3511 1 80.0000 0.0000 2 0.1125 4.1087 0.2873 0.1743 0.0520 0.0188
60.0000 176.1849 1 80.0000 0.0000 2 0.1103 4.1110 0.2811 0.1789 0.0510 0.0177
60.0000 176.1849 1 80.0000 0.0000 2 0.1081 4.1125 0.2751 0.1836 0.0501 0.0167
60.0000 176.0075 1 80.0000 0.0000 2 0.1060 4.1132 0.2690 0.1885 0.0492 0.0158
60.0000 176.0075 1 80.0000 0.0000 2 0.1038 4.1132 0.2630 0.1935 0.0485 0.0150
60.0000 175.8197 1 80.0000 0.0000 2 0.1017 4.1124 0.2568 0.1984 0.0478 0.0142
60.0000 175.8197 1 80.0000 0.0000 2 0.0995 4.1110 0.2507 0.2032 0.0472 0.0135
60.0000 175.6221 1 80.0000 0.0000 2 0.0974 4.1090 0.2445 0.2079 0.0466 0.0129
60.0000 175.6221 1 80.0000 0.0000 2 0.0953 4.1064 0.2382 0.2122 0.0461 0.0123
60.0000 175.4154 1 80.0000 0.0000 2 0.0933 4.1034 0.2320 0.2163 0.0457 0.0118
60.0000 175.4154 1 80.0000 0.0000 2 0.0913 4.1001 0.2260 0.2199 0.0453 0.0113
60.0000 175.2004 1 80.0000 0.0000 2 0.0893 4.0964 0.2201 0.2233 0.0449 0.0108
60.0000 175.2004 1 80.0000 0.0000 2 0.0875 4.0923 0.2145 0.2263 0.0445 0.0103
60.0000 174.9777 1 80.0000 0.0000 2 0.0857 4.0880 0.2092 0.2291 0.0442 0.0099
60.0000 174.9777 1 80.0000 0.0000 2 0.0840 4.0834 0.2045 0.2314 0.0439 0.0095
60.0000 174.7481 1 80.0000 0.0000 2 0.0824 4.0786 0.2004 0.2334 0.0436 0.0092
60.0000 174.7481 1 80.0000 0.0000 2 0.0809 4.0735 0.1970 0.2350 0.0434 0.0088
60.0000 174.5123 1 80.0000 0.0000 2 0.0796 4.0683 0.1941 0.2363 0.0432 0.0086
60.0000 174.5123 1 80.0000 0.0000 2 0.0783 4.0628 0.1917 0.2372 0.0430 0.0083
60.0000 174.2710 1 80.0000 0.0000 2 0.0772 4.0573 0.1899 0.2380 0.0429 0.0082
60.0000 174.2710 1 80.0000 0.0000 2 0.0761 4.0518 0.1885 0.2385 0.0428 0.0080
60.0000 174.0251 1 80.0000 0.0000 2 0.0752 4.0463 0.1873 0.2389 0.0427 0.0079
60.0000 174.0251 1 80.0000 0.0000 2 0.0743 4.0408 0.1864 0.2391 0.0427 0.0079
60.0000 173.7752 1 80.0000 0.0000 2 0.0735 4.0354 0.1857 0.2390 0.0427 0.0078
60.0000 173.7752 1 80.0000 0.0000 2 0.0728 4.0302 0.1852 0.2388 0.0427 0.0078
60.0000 173.5221 1 80.0000 0.0000 2 0.0722 4.0253 0.1848 0.2385 0.0427 0.0078
60.0000 173.5221 1 80.0000 0.0000 2 0.0716 4.0207 0.1845 0.2380 0.0428 0.0078
60.0000 173.2666 1 80.0000 0.0000 2 0.0710 4.0165 0.1841 0.2376 0.0428 0.0078
60.0000 173.2666 1 80.0000 0.0000 2 0.0706 4.0127 0.1838 0.2371 0.0428 0.0078
60.0000 173.0094 1 80.0000 0.0000 2 0.0702 4.0096 0.1832 0.2366 0.0428 0.0079
60.0000 173.0094 1 80.0000 0.0000 2 0.0699 4.0070 0.1825 0.2361 0.0428 0.0079
60.0000 172.7512 1 80.0000 0.0000 2 0.0697 4.0051 0.1819 0.2357 0.0428 0.0079
60.0000 172.7512 1 80.0000 0.0000 2 0.0695 4.0038 0.1815 0.2354 0.0428 0.0079
60.0000 172.4929 1 80.0000 0.0000 2 0.0694 4.0032 0.1814 0.2353 0.0428 0.0079
