   0.024
   0.024
   0.024
   0.024
   0.024
   0.025
   0.025
   0.025
   0.026
   0.026
   0.026
   0.026
   0.026
   0.027
   0.027
   0.027
   0.028
   0.028
   0.028
   0.028
   0.028
   0.028
   0.028
   0.028
   0.027
   0.027
   0.027
   0.026
   0.026
   0.025
   0.025
   0.025
   0.024
   0.024
   0.023
   0.022
   0.022
   0.021
   0.021
   0.020
   0.019
   0.019
   0.018
   0.017
   0.017
   0.017
   0.017
   0.016
   0.016
   0.015
   0.015
   0.015
   0.014
   0.014
   0.014
   0.014
   0.013
   0.013
   0.013
   0.013
   0.013
   0.014
   0.013
   0.013
   0.014
   0.014
   0.014
   0.014
   0.014
   0.014
   0.015
   0.015
   0.195
   0.196
   0.196
   0.197
   0.197
   0.197
   0.198
   0.199
   0.199
   0.200
   0.200
   0.201
   0.202
   0.202
   0.203
   0.204
   0.205
   0.206
   0.207
   0.207
   0.208
   0.209
   0.210
   0.211
   0.212
   0.213
   0.214
   0.214
   0.355
   0.355
   0.356
   0.357
   0.357
   0.357
   0.358
   0.358
   0.359
   0.359
   0.359
   0.360
   0.360
   0.361
   0.361
   0.362
   0.362
   0.363
   0.364
   0.364
   0.364
   0.366
   0.366
   0.367
   0.368
   0.368
   0.369
   0.370
   0.370
   0.371
   0.372
   0.373
   0.374
   0.375
   0.377
   0.484
   0.485
   0.486
   0.488
   0.489
   0.491
   0.492
   0.494
   0.496
   0.498
   0.499
   0.586
   0.587
   0.589
   0.591
   0.593
   0.594
   0.596
   0.665
   0.667
   0.668
   0.670
   0.672
   0.727
   0.728
   0.730
   0.731
   0.775
   0.777
   0.778
   0.779
   0.814
   0.815
   0.816
   0.844
   0.845
   0.845
   0.846
   0.868
   0.868
   0.869
   0.886
   0.887
   0.901
   0.901
   0.901
   0.912
   0.912
   0.911
   0.920
   0.920
   0.927
   0.927
   0.933
   0.933
   0.933
   0.937
   0.937
   0.941
   0.940
   0.940
   0.943
   0.943
   0.946
   0.945
   0.945
   0.945
   0.947
   0.948
   0.948
   0.948
   0.948
   0.948
   0.948
   0.949
   0.949
   0.947
   0.947
   0.947
   0.948
   0.948
   0.946
   0.946
   0.946
   0.943
   0.943
   0.944
   0.940
   0.940
   0.935
   0.935
   0.935
   0.929
   0.929
   0.921
   0.921
   0.911
   0.911
   0.911
   0.899
   0.898
   0.883
   0.883
   0.882
   0.863
   0.862
   0.838
   0.838
   0.837
   0.807
   0.806
   0.805
   0.768
   0.767
   0.766
   0.765
   0.719
   0.718
   0.717
   0.716
   0.658
   0.656
   0.656
   0.654
   0.582
   0.581
   0.580
   0.578
   0.577
   0.487
   0.486
   0.485
   0.484
   0.482
   0.481
   0.480
   0.479
   0.368
   0.366
   0.365
   0.364
   0.363
   0.362
   0.361
   0.360
   0.359
   0.358
   0.357
   0.356
   0.216
   0.215
   0.214
   0.213
   0.212
   0.211
   0.210
   0.209
   0.208
   0.207
   0.206
   0.205
   0.204
   0.203
   0.201
   0.200
   0.026
   0.025
   0.024
   0.023
   0.023
   0.022
   0.021
   0.021
   0.021
   0.021
   0.021
   0.021
   0.021
   0.021
   0.022
   0.022
   0.023
   0.024
   0.024
   0.024
   0.025
   0.025
   0.025
   0.026
   0.027
   0.027
   0.027
   0.028
   0.028
   0.028
   0.200
   0.200
   0.201
   0.201
   0.201
   0.201
   0.201
   0.201
   0.201
   0.201
   0.201
   0.201
   0.201
   0.201
   0.201
   0.201
   0.201
   0.201
   0.201
   0.201
   0.200
   0.200
   0.200
   0.200
   0.200
   0.200
   0.200
   0.200
   0.200
   0.199
   0.199
   0.199
   0.199
   0.199
   0.199
