   0.195
   0.195
   0.195
   0.195
   0.195
   0.195
   0.195
   0.195
   0.195
   0.195
   0.195
   0.195
   0.195
   0.196
   0.196
   0.196
   0.196
   0.196
   0.196
   0.196
   0.196
   0.196
   0.196
   0.197
   0.197
   0.197
   0.197
   0.197
   0.197
   0.197
   0.197
   0.197
   0.198
   0.198
   0.198
   0.198
   0.198
   0.198
   0.199
   0.199
   0.199
   0.200
   0.200
   0.200
   0.200
   0.201
   0.201
   0.202
   0.202
   0.202
   0.203
   0.203
   0.204
   0.204
   0.205
   0.205
   0.205
   0.206
   0.206
   0.206
   0.207
   0.207
   0.208
   0.208
   0.208
   0.209
   0.209
   0.209
   0.209
   0.210
   0.210
   0.210
   0.210
   0.210
   0.211
   0.211
   0.211
   0.211
   0.211
   0.211
   0.211
   0.211
   0.211
   0.211
   0.211
   0.211
   0.211
   0.211
   0.211
   0.212
   0.212
   0.212
   0.212
   0.355
   0.355
   0.355
   0.356
   0.356
   0.356
   0.357
   0.357
   0.357
   0.358
   0.358
   0.358
   0.358
   0.358
   0.359
   0.359
   0.359
   0.359
   0.359
   0.359
   0.360
   0.360
   0.360
   0.360
   0.360
   0.360
   0.361
   0.361
   0.361
   0.361
   0.361
   0.361
   0.361
   0.361
   0.361
   0.360
   0.360
   0.360
   0.360
   0.360
   0.360
   0.359
   0.359
   0.359
   0.359
   0.359
   0.359
   0.359
   0.359
   0.359
   0.360
   0.360
   0.360
   0.361
   0.361
   0.362
   0.362
   0.475
   0.476
   0.477
   0.478
   0.479
   0.480
   0.481
   0.482
   0.483
   0.484
   0.575
   0.577
   0.578
   0.579
   0.581
   0.654
   0.655
   0.656
   0.657
   0.659
   0.717
   0.718
   0.719
   0.720
   0.721
   0.768
   0.769
   0.770
   0.771
   0.771
   0.808
   0.809
   0.810
   0.810
   0.840
   0.840
   0.841
   0.841
   0.864
   0.864
   0.865
   0.865
   0.883
   0.883
   0.883
   0.883
   0.898
   0.898
   0.898
   0.909
   0.909
   0.909
   0.909
   0.918
   0.918
   0.917
   0.924
   0.924
   0.924
   0.923
   0.929
   0.928
   0.928
   0.932
   0.932
   0.931
   0.931
   0.930
   0.930
   0.929
   0.933
   0.932
   0.931
   0.931
   0.930
   0.930
   0.929
   0.929
   0.928
   0.923
   0.923
   0.922
   0.922
   0.921
   0.921
   0.920
   0.915
   0.914
   0.914
   0.907
   0.906
   0.906
   0.898
   0.898
   0.897
   0.887
   0.887
   0.875
   0.875
   0.875
   0.859
   0.860
   0.860
   0.840
   0.840
   0.840
   0.815
   0.815
   0.814
   0.784
   0.783
   0.782
   0.744
   0.742
   0.741
   0.740
   0.692
   0.690
   0.688
   0.628
   0.626
   0.624
   0.622
   0.548
   0.545
   0.543
   0.540
   0.538
   0.446
   0.443
   0.441
   0.438
   0.436
   0.433
   0.320
   0.318
   0.315
   0.314
   0.312
   0.311
   0.310
   0.309
   0.309
   0.309
   0.309
   0.171
   0.171
   0.172
   0.173
   0.173
   0.174
   0.175
   0.176
   0.178
   0.179
   0.180
   0.181
   0.182
   0.183
   0.184
   0.185
   0.186
   0.186
   0.187
   0.188
   0.188
   0.189
   0.189
   0.189
   0.190
   0.190
   0.190
   0.190
   0.190
   0.190
   0.190
   0.190
   0.190
   0.190
   0.189
   0.189
   0.188
   0.188
   0.187
   0.187
   0.186
   0.186
   0.185
   0.185
   0.184
   0.183
   0.183
   0.182
   0.182
   0.181
   0.181
   0.180
   0.180
   0.179
   0.179
   0.178
   0.178
   0.178
   0.177
  -0.015
  -0.015
  -0.016
  -0.016
  -0.017
  -0.017
  -0.018
  -0.018
  -0.018
  -0.018
  -0.018
